51 51
 100.000 100.000 100.000 100.000 100.000 100.000 100.000 100.000 100.000 100.000 100.000 100.000 100.000 100.000 100.000 100.000 100.000 100.000 100.000 100.000 100.000 100.000 100.000 100.000 100.000 100.000 100.000 100.000 100.000 100.000 100.000 100.000 100.000 100.000 100.000 100.000 100.000 100.000 100.000 100.000 100.000 100.000 100.000 100.000 100.000 100.000 100.000 100.000 100.000 100.000 100.000
 0.000 49.930 69.625 78.851 83.871 86.941 88.983 90.430 91.501 92.321 92.966 93.484 93.906 94.255 94.546 94.790 94.995 95.167 95.312 95.433 95.532 95.611 95.672 95.716 95.743 95.754 95.749 95.727 95.689 95.633 95.558 95.463 95.346 95.204 95.034 94.831 94.589 94.298 93.950 93.527 93.007 92.360 91.537 90.463 89.013 86.966 83.892 78.867 69.635 49.935 0.000
 0.000 30.095 49.721 61.911 69.699 74.913 78.570 81.242 83.260 84.827 86.070 87.074 87.897 88.580 89.150 89.630 90.034 90.375 90.662 90.900 91.096 91.253 91.374 91.461 91.515 91.536 91.526 91.483 91.407 91.296 91.148 90.961 90.729 90.449 90.113 89.713 89.236 88.666 87.984 87.159 86.152 84.904 83.332 81.308 78.629 74.963 69.740 61.942 49.742 30.106 0.000
 0.000 20.731 37.257 49.381 58.110 64.453 69.156 72.723 75.488 77.674 79.432 80.866 82.051 83.039 83.868 84.568 85.161 85.661 86.083 86.435 86.724 86.956 87.135 87.263 87.343 87.375 87.359 87.296 87.184 87.020 86.802 86.525 86.184 85.772 85.279 84.693 83.997 83.169 82.181 80.994 79.555 77.790 75.596 72.822 69.244 64.529 58.172 49.428 37.289 20.747 0.000
 0.000 15.577 29.203 40.254 48.920 55.651 60.898 65.027 68.319 70.976 73.146 74.939 76.434 77.689 78.750 79.650 80.414 81.062 81.610 82.068 82.445 82.748 82.981 83.149 83.254 83.296 83.276 83.193 83.046 82.833 82.548 82.188 81.745 81.210 80.572 79.816 78.921 77.862 76.606 75.109 73.310 71.131 68.464 65.159 61.015 55.751 49.002 40.317 29.245 15.598 0.000
 0.000 12.379 23.731 33.528 41.683 48.355 53.781 58.200 61.817 64.798 67.276 69.349 71.096 72.577 73.837 74.911 75.829 76.610 77.272 77.827 78.286 78.655 78.940 79.145 79.272 79.324 79.300 79.200 79.021 78.761 78.415 77.977 77.441 76.795 76.026 75.118 74.050 72.793 71.312 69.561 67.480 64.993 61.997 58.364 53.927 48.480 41.786 33.606 23.784 12.405 0.000
 0.000 10.212 19.827 28.457 35.952 42.331 47.702 52.208 55.988 59.168 61.854 64.133 66.075 67.736 69.161 70.384 71.434 72.332 73.096 73.739 74.271 74.700 75.032 75.271 75.421 75.481 75.454 75.337 75.129 74.827 74.425 73.919 73.298 72.553 71.671 70.632 69.416 67.995 66.333 64.387 62.099 59.401 56.205 52.405 47.877 42.481 36.075 28.551 19.890 10.244 0.000
 0.000 8.648 16.921 24.541 31.361 37.343 42.525 46.982 50.804 54.080 56.891 59.308 61.392 63.191 64.747 66.092 67.253 68.251 69.103 69.823 70.420 70.903 71.278 71.549 71.718 71.787 71.756 71.625 71.391 71.051 70.600 70.032 69.338 68.508 67.528 66.380 65.044 63.492 61.692 59.604 57.176 54.351 51.056 47.212 42.729 37.518 31.504 24.650 16.994 8.685 0.000
 0.000 7.465 14.681 21.446 27.634 33.190 38.112 42.436 46.215 49.509 52.378 54.877 57.055 58.954 60.609 62.050 63.301 64.383 65.310 66.097 66.751 67.282 67.695 67.993 68.180 68.257 68.224 68.080 67.824 67.451 66.957 66.335 65.579 64.676 63.615 62.379 60.948 59.297 57.398 55.214 52.703 49.818 46.503 42.698 38.344 33.389 27.797 21.570 14.765 7.508 0.000
 0.000 6.540 12.906 18.951 24.570 29.706 34.340 38.483 42.164 45.421 48.297 50.832 53.064 55.029 56.755 58.269 59.591 60.740 61.730 62.572 63.276 63.848 64.294 64.617 64.820 64.904 64.869 64.715 64.438 64.037 63.506 62.840 62.031 61.069 59.943 58.638 57.135 55.414 53.448 51.209 48.661 45.768 42.486 38.777 34.600 29.929 24.752 19.090 13.000 6.588 0.000
 0.000 5.798 11.469 16.905 22.020 26.761 31.103 35.042 38.592 41.776 44.620 47.155 49.411 51.413 53.186 54.752 56.128 57.330 58.370 59.259 60.003 60.611 61.085 61.429 61.646 61.737 61.701 61.538 61.245 60.820 60.258 59.555 58.703 57.694 56.517 55.160 53.607 51.839 49.836 47.573 45.023 42.158 38.949 35.367 31.391 27.008 22.222 17.059 11.574 5.850 0.000
 0.000 5.190 10.286 15.203 19.875 24.255 28.314 32.043 35.444 38.530 41.317 43.827 46.081 48.098 49.898 51.498 52.913 54.154 55.234 56.159 56.938 57.574 58.073 58.436 58.665 58.761 58.724 58.554 58.247 57.803 57.216 56.483 55.598 54.552 53.338 51.944 50.358 48.564 46.546 44.284 41.759 38.949 35.834 32.398 28.629 24.525 20.096 15.372 10.399 5.247 0.000
 0.000 4.684 9.297 13.772 18.056 22.108 25.902 29.423 32.669 35.644 38.358 40.824 43.057 45.071 46.881 48.501 49.941 51.211 52.320 53.275 54.080 54.740 55.259 55.637 55.877 55.979 55.942 55.765 55.448 54.988 54.382 53.626 52.715 51.642 50.402 48.985 47.380 45.576 43.561 41.319 38.836 36.098 33.092 29.808 26.243 22.401 18.296 13.955 9.420 4.746 0.000
 0.000 4.258 8.461 12.557 16.501 20.260 23.808 27.131 30.221 33.079 35.710 38.119 40.318 42.317 44.125 45.751 47.206 48.495 49.625 50.601 51.427 52.107 52.642 53.033 53.281 53.388 53.351 53.171 52.845 52.373 51.752 50.978 50.049 48.958 47.701 46.271 44.660 42.860 40.860 38.651 36.223 33.567 30.675 27.544 24.175 20.574 16.759 12.753 8.594 4.325 0.000
 0.000 3.897 7.749 11.517 15.164 18.660 21.984 25.121 28.061 30.801 33.342 35.689 37.845 39.817 41.612 43.237 44.697 45.996 47.140 48.132 48.974 49.668 50.216 50.618 50.874 50.984 50.948 50.764 50.433 49.952 49.320 48.534 47.592 46.491 45.225 43.791 42.184 40.396 38.422 36.256 33.890 31.321 28.545 25.561 22.375 18.996 15.438 11.727 7.891 3.968 0.000
 0.000 3.587 7.138 10.622 14.007 17.270 20.390 23.354 26.151 28.776 31.228 33.506 35.614 37.553 39.329 40.943 42.401 43.705 44.857 45.858 46.711 47.416 47.974 48.384 48.646 48.759 48.724 48.539 48.204 47.717 47.078 46.284 45.335 44.228 42.961 41.531 39.934 38.166 36.225 34.107 31.808 29.327 26.664 23.821 20.805 17.625 14.298 10.844 7.288 3.662 0.000
 0.000 3.319 6.611 9.846 13.002 16.057 18.993 21.798 24.461 26.975 29.338 31.547 33.603 35.505 37.255 38.854 40.305 41.607 42.761 43.768 44.628 45.341 45.905 46.321 46.588 46.705 46.671 46.485 46.147 45.657 45.014 44.217 43.265 42.158 40.894 39.472 37.892 36.150 34.247 32.180 29.949 27.555 25.000 22.289 19.429 16.431 13.308 10.080 6.768 3.399 0.000
 0.000 3.087 6.152 9.171 12.124 14.994 17.764 20.423 22.962 25.371 27.648 29.788 31.790 33.652 35.373 36.953 38.391 39.687 40.839 41.848 42.711 43.429 43.998 44.418 44.689 44.808 44.775 44.590 44.251 43.760 43.115 42.317 41.367 40.263 39.007 37.599 36.039 34.327 32.464 30.450 28.287 25.978 23.526 20.938 18.221 15.385 12.444 9.415 6.317 3.171 0.000
 0.000 2.885 5.751 8.580 11.354 14.058 16.679 19.206 21.629 23.940 26.134 28.207 30.154 31.974 33.663 35.220 36.643 37.929 39.076 40.083 40.947 41.666 42.238 42.661 42.934 43.055 43.023 42.839 42.501 42.010 41.367 40.571 39.625 38.529 37.284 35.893 34.357 32.677 30.855 28.895 26.799 24.571 22.216 19.741 17.154 14.465 11.687 8.834 5.923 2.972 0.000
 0.000 2.707 5.399 8.060 10.675 13.231 15.718 18.123 20.439 22.658 24.773 26.780 28.674 30.451 32.107 33.638 35.042 36.316 37.455 38.456 39.318 40.036 40.609 41.034 41.308 41.431 41.401 41.218 40.882 40.393 39.753 38.962 38.022 36.937 35.706 34.335 32.824 31.178 29.400 27.493 25.462 23.311 21.047 18.677 16.209 13.653 11.020 8.323 5.577 2.797 0.000
 0.000 2.550 5.088 7.599 10.072 12.496 14.860 17.155 19.372 21.505 23.546 25.489 27.330 29.064 30.685 32.189 33.572 34.830 35.958 36.953 37.809 38.525 39.097 39.521 39.796 39.920 39.892 39.711 39.378 38.892 38.257 37.473 36.543 35.469 34.256 32.906 31.424 29.813 28.077 26.223 24.254 22.177 19.999 17.725 15.366 12.930 10.427 7.870 5.271 2.642 0.000
 0.000 2.411 4.810 7.188 9.534 11.839 14.091 16.285 18.411 20.462 22.432 24.315 26.104 27.794 29.379 30.854 32.215 33.455 34.569 35.554 36.404 37.115 37.684 38.107 38.382 38.507 38.480 38.302 37.972 37.491 36.862 36.087 35.168 34.110 32.915 31.589 30.136 28.561 26.869 25.066 23.158 21.151 19.052 16.869 14.610 12.283 9.898 7.466 4.998 2.505 0.000
 0.000 2.285 4.562 6.820 9.050 11.246 13.397 15.497 17.538 19.512 21.415 23.238 24.976 26.623 28.171 29.617 30.952 32.173 33.272 34.244 35.085 35.790 36.355 36.775 37.049 37.174 37.149 36.973 36.648 36.174 35.553 34.788 33.882 32.840 31.666 30.365 28.943 27.404 25.756 24.004 22.155 20.215 18.191 16.092 13.925 11.698 9.421 7.103 4.753 2.382 0.000
 0.000 2.172 4.336 6.485 8.611 10.706 12.764 14.777 16.738 18.640 20.478 22.244 23.931 25.534 27.046 28.459 29.769 30.967 32.049 33.007 33.838 34.534 35.093 35.510 35.782 35.906 35.883 35.711 35.390 34.923 34.311 33.558 32.668 31.644 30.493 29.219 27.828 26.327 24.722 23.020 21.228 19.352 17.401 15.381 13.299 11.166 8.987 6.772 4.530 2.270 0.000
 0.000 2.069 4.130 6.179 8.208 10.211 12.181 14.112 15.998 17.831 19.606 21.316 22.954 24.513 25.986 27.367 28.648 29.823 30.885 31.828 32.645 33.332 33.883 34.295 34.564 34.689 34.667 34.498 34.184 33.724 33.123 32.384 31.510 30.507 29.379 28.133 26.776 25.313 23.752 22.100 20.364 18.550 16.667 14.722 12.722 10.675 8.588 6.469 4.326 2.167 0.000
 0.000 1.973 3.940 5.896 7.835 9.751 11.639 13.493 15.307 17.074 18.787 20.442 22.030 23.544 24.979 26.325 27.577 28.726 29.766 30.691 31.494 32.169 32.712 33.118 33.384 33.507 33.486 33.322 33.013 32.563 31.974 31.250 30.394 29.412 28.311 27.095 25.772 24.348 22.832 21.229 19.548 17.796 15.979 14.105 12.182 10.217 8.216 6.187 4.136 2.072 0.000
 0.000 1.883 3.762 5.630 7.485 9.319 11.129 12.909 14.653 16.355 18.009 19.609 21.147 22.616 24.010 25.321 26.541 27.663 28.679 29.584 30.371 31.033 31.565 31.964 32.226 32.348 32.328 32.168 31.867 31.427 30.851 30.143 29.307 28.349 27.274 26.090 24.803 23.420 21.948 20.396 18.770 17.077 15.325 13.521 11.672 9.785 7.866 5.921 3.958 1.982 0.000
 0.000 1.798 3.593 5.379 7.152 8.909 10.644 12.352 14.028 15.667 17.262 18.806 20.293 21.717 23.069 24.342 25.529 26.621 27.613 28.495 29.264 29.911 30.432 30.823 31.079 31.199 31.181 31.025 30.732 30.303 29.741 29.051 28.237 27.304 26.259 25.107 23.858 22.516 21.091 19.589 18.018 16.385 14.697 12.961 11.184 9.372 7.531 5.668 3.788 1.897 0.000
 0.000 1.717 3.431 5.138 6.834 8.515 10.177 11.815 13.424 15.000 16.535 18.024 19.460 20.837 22.145 23.379 24.530 25.592 26.555 27.415 28.163 28.793 29.302 29.683 29.934 30.052 30.035 29.884 29.599 29.181 28.635 27.964 27.173 26.267 25.253 24.137 22.926 21.628 20.250 18.800 17.284 15.711 14.086 12.418 10.711 8.973 7.209 5.424 3.624 1.815 0.000
 0.000 1.639 3.275 4.904 6.524 8.132 9.722 11.291 12.835 14.347 15.823 17.256 18.639 19.967 21.231 22.423 23.537 24.565 25.499 26.333 27.059 27.672 28.166 28.537 28.781 28.896 28.881 28.734 28.458 28.054 27.525 26.874 26.108 25.231 24.249 23.170 22.000 20.747 19.417 18.020 16.561 15.047 13.487 11.885 10.249 8.583 6.894 5.186 3.465 1.735 0.000
 0.000 1.562 3.121 4.676 6.221 7.756 9.275 10.776 12.253 13.703 15.118 16.494 17.824 19.101 20.318 21.467 22.542 23.534 24.437 25.243 25.945 26.539 27.017 27.377 27.614 27.726 27.711 27.570 27.304 26.913 26.402 25.774 25.034 24.187 23.240 22.199 21.072 19.865 18.586 17.242 15.841 14.389 12.893 11.358 9.792 8.198 6.584 4.952 3.308 1.656 0.000
 0.000 1.486 2.970 4.450 5.922 7.384 8.833 10.265 11.676 13.061 14.416 15.733 17.008 18.233 19.401 20.506 21.539 22.494 23.363 24.139 24.816 25.389 25.850 26.197 26.427 26.535 26.522 26.386 26.130 25.754 25.262 24.657 23.945 23.130 22.219 21.219 20.136 18.978 17.751 16.463 15.121 13.731 12.300 10.833 9.337 7.816 6.275 4.719 3.152 1.578 0.000
 0.000 1.411 2.820 4.226 5.624 7.015 8.393 9.756 11.100 12.420 13.712 14.969 16.187 17.358 18.476 19.534 20.524 21.439 22.273 23.018 23.668 24.217 24.661 24.995 25.215 25.320 25.308 25.178 24.932 24.572 24.100 23.520 22.837 22.056 21.184 20.226 19.189 18.081 16.908 15.677 14.396 13.069 11.704 10.306 8.881 7.433 5.967 4.487 2.997 1.500 0.000
 0.000 1.336 2.671 4.002 5.327 6.644 7.951 9.245 10.521 11.775 13.003 14.199 15.359 16.474 17.540 18.548 19.493 20.367 21.163 21.875 22.497 23.023 23.447 23.767 23.978 24.079 24.067 23.944 23.709 23.365 22.914 22.360 21.708 20.963 20.130 19.216 18.228 17.172 16.054 14.883 13.663 12.401 11.104 9.776 8.423 7.048 5.658 4.254 2.841 1.422 0.000
 0.000 1.261 2.520 3.777 5.028 6.273 7.508 8.731 9.938 11.125 12.288 13.421 14.520 15.579 16.590 17.548 18.445 19.276 20.033 20.711 21.302 21.803 22.207 22.511 22.713 22.809 22.798 22.681 22.458 22.131 21.702 21.176 20.556 19.847 19.056 18.188 17.250 16.248 15.188 14.077 12.921 11.726 10.497 9.240 7.960 6.660 5.345 4.019 2.684 1.343 0.000
 0.000 1.185 2.369 3.551 4.728 5.899 7.061 8.212 9.349 10.468 11.564 12.634 13.671 14.670 15.626 16.531 17.380 18.165 18.882 19.523 20.083 20.557 20.940 21.229 21.420 21.511 21.501 21.391 21.180 20.870 20.464 19.966 19.380 18.710 17.962 17.142 16.255 15.308 14.307 13.259 12.168 11.041 9.883 8.698 7.492 6.268 5.030 3.782 2.525 1.264 0.000
 0.000 1.109 2.217 3.323 4.425 5.521 6.610 7.689 8.754 9.804 10.832 11.836 12.810 13.749 14.647 15.498 16.296 17.035 17.709 18.313 18.840 19.287 19.648 19.919 20.099 20.186 20.177 20.073 19.874 19.583 19.201 18.733 18.181 17.551 16.848 16.076 15.243 14.353 13.413 12.428 11.404 10.346 9.260 8.149 7.018 5.871 4.711 3.542 2.365 1.184 0.000
 0.000 1.032 2.064 3.093 4.119 5.140 6.155 7.160 8.154 9.132 10.092 11.028 11.938 12.814 13.653 14.448 15.195 15.886 16.516 17.081 17.575 17.992 18.330 18.585 18.754 18.834 18.826 18.729 18.544 18.271 17.914 17.476 16.960 16.371 15.714 14.993 14.214 13.383 12.505 11.585 10.630 9.643 8.629 7.593 6.539 5.470 4.389 3.299 2.203 1.102 0.000
 0.000 0.955 1.909 2.862 3.811 4.756 5.695 6.626 7.546 8.453 9.343 10.211 11.054 11.868 12.646 13.384 14.077 14.719 15.305 15.829 16.288 16.676 16.991 17.227 17.384 17.460 17.452 17.362 17.190 16.937 16.605 16.198 15.719 15.172 14.562 13.893 13.170 12.399 11.584 10.731 9.845 8.930 7.990 7.031 6.054 5.064 4.063 3.054 2.039 1.020 0.000
 0.000 0.877 1.754 2.628 3.501 4.369 5.232 6.088 6.934 7.767 8.586 9.385 10.161 10.910 11.626 12.306 12.945 13.536 14.076 14.560 14.983 15.341 15.631 15.849 15.994 16.063 16.057 15.974 15.815 15.582 15.276 14.901 14.460 13.956 13.393 12.777 12.111 11.401 10.651 9.866 9.051 8.209 7.345 6.462 5.564 4.654 3.734 2.806 1.874 0.938 0.000
 0.000 0.799 1.597 2.393 3.188 3.979 4.765 5.545 6.316 7.076 7.822 8.551 9.259 9.942 10.596 11.217 11.799 12.340 12.833 13.275 13.661 13.988 14.253 14.453 14.585 14.649 14.643 14.567 14.422 14.209 13.930 13.588 13.185 12.724 12.211 11.648 11.041 10.393 9.708 8.992 8.248 7.480 6.693 5.888 5.069 4.240 3.401 2.556 1.707 0.854 0.000
 0.000 0.720 1.439 2.157 2.873 3.586 4.295 4.998 5.693 6.379 7.052 7.710 8.349 8.966 9.556 10.117 10.643 11.131 11.577 11.976 12.325 12.621 12.860 13.041 13.160 13.218 13.213 13.144 13.013 12.821 12.569 12.260 11.896 11.480 11.016 10.508 9.959 9.374 8.756 8.110 7.439 6.746 6.035 5.309 4.571 3.823 3.067 2.305 1.539 0.770 0.000
 0.000 0.640 1.280 1.919 2.557 3.191 3.822 4.448 5.067 5.678 6.278 6.863 7.433 7.982 8.509 9.009 9.478 9.913 10.310 10.666 10.978 11.241 11.455 11.616 11.723 11.774 11.770 11.709 11.592 11.421 11.196 10.920 10.595 10.225 9.811 9.358 8.869 8.348 7.797 7.221 6.623 6.006 5.373 4.726 4.069 3.403 2.730 2.052 1.370 0.685 0.000
 0.000 0.561 1.121 1.681 2.239 2.795 3.348 3.896 4.439 4.974 5.499 6.013 6.512 6.994 7.455 7.893 8.305 8.687 9.035 9.348 9.621 9.852 10.040 10.181 10.275 10.320 10.316 10.263 10.160 10.010 9.813 9.571 9.286 8.961 8.598 8.201 7.772 7.315 6.832 6.327 5.803 5.262 4.707 4.141 3.565 2.981 2.391 1.797 1.200 0.600 0.000
 0.000 0.481 0.962 1.442 1.920 2.397 2.871 3.342 3.807 4.267 4.717 5.158 5.587 6.001 6.397 6.773 7.127 7.454 7.754 8.022 8.257 8.456 8.617 8.738 8.819 8.858 8.854 8.808 8.721 8.591 8.422 8.214 7.970 7.690 7.379 7.038 6.670 6.277 5.863 5.429 4.979 4.515 4.039 3.552 3.058 2.557 2.051 1.542 1.029 0.515 0.000
 0.000 0.401 0.802 1.202 1.601 1.999 2.394 2.786 3.175 3.558 3.934 4.301 4.659 5.004 5.335 5.649 5.944 6.218 6.467 6.691 6.887 7.053 7.188 7.289 7.357 7.389 7.386 7.348 7.275 7.167 7.025 6.852 6.648 6.415 6.155 5.870 5.563 5.235 4.890 4.528 4.152 3.765 3.368 2.962 2.550 2.132 1.711 1.286 0.858 0.429 0.000
 0.000 0.321 0.642 0.962 1.281 1.599 1.916 2.230 2.541 2.847 3.148 3.443 3.729 4.006 4.270 4.522 4.758 4.977 5.177 5.357 5.514 5.647 5.755 5.836 5.890 5.916 5.913 5.883 5.824 5.738 5.625 5.486 5.322 5.136 4.927 4.699 4.453 4.191 3.914 3.624 3.324 3.014 2.696 2.371 2.041 1.707 1.369 1.029 0.687 0.344 0.000
 0.000 0.241 0.481 0.721 0.961 1.200 1.437 1.673 1.906 2.136 2.362 2.583 2.798 3.005 3.204 3.393 3.570 3.735 3.885 4.020 4.137 4.237 4.318 4.379 4.420 4.439 4.438 4.415 4.370 4.306 4.221 4.116 3.994 3.854 3.697 3.526 3.341 3.145 2.937 2.719 2.494 2.261 2.023 1.779 1.531 1.280 1.027 0.772 0.515 0.258 0.000
 0.000 0.160 0.321 0.481 0.641 0.800 0.958 1.115 1.271 1.424 1.575 1.722 1.866 2.004 2.137 2.262 2.381 2.491 2.591 2.681 2.759 2.826 2.880 2.921 2.948 2.961 2.959 2.944 2.915 2.871 2.815 2.745 2.663 2.570 2.466 2.352 2.228 2.097 1.958 1.813 1.663 1.508 1.349 1.186 1.021 0.854 0.685 0.515 0.344 0.172 0.000
 0.000 0.080 0.160 0.241 0.320 0.400 0.479 0.558 0.636 0.712 0.788 0.861 0.933 1.002 1.068 1.131 1.191 1.245 1.296 1.341 1.380 1.413 1.440 1.461 1.474 1.481 1.480 1.472 1.458 1.436 1.408 1.373 1.332 1.285 1.233 1.176 1.114 1.049 0.979 0.907 0.832 0.754 0.674 0.593 0.511 0.427 0.342 0.257 0.172 0.086 0.000
 0.000 0.000 0.000 0.000 0.000 0.000 0.000 0.000 0.000 0.000 0.000 0.000 0.000 0.000 0.000 0.000 0.000 0.000 0.000 0.000 0.000 0.000 0.000 0.000 0.000 0.000 0.000 0.000 0.000 0.000 0.000 0.000 0.000 0.000 0.000 0.000 0.000 0.000 0.000 0.000 0.000 0.000 0.000 0.000 0.000 0.000 0.000 0.000 0.000 0.000 0.000
