51 51
 100.000 100.000 100.000 100.000 100.000 100.000 100.000 100.000 100.000 100.000 100.000 100.000 100.000 100.000 100.000 100.000 100.000 100.000 100.000 100.000 100.000 100.000 100.000 100.000 100.000 100.000 100.000 100.000 100.000 100.000 100.000 100.000 100.000 100.000 100.000 100.000 100.000 100.000 100.000 100.000 100.000 100.000 100.000 100.000 100.000 100.000 100.000 100.000 100.000 100.000 100.000
 0.000 49.615 68.998 77.917 82.639 85.421 87.188 88.375 89.202 89.798 90.237 90.569 90.825 91.028 91.193 91.330 91.446 91.546 91.633 91.709 91.775 91.830 91.875 91.909 91.932 91.943 91.942 91.929 91.904 91.868 91.819 91.759 91.687 91.602 91.503 91.386 91.248 91.080 90.873 90.613 90.276 89.832 89.232 88.400 87.210 85.438 82.652 77.927 69.004 49.618 0.000
 0.000 29.472 48.481 60.065 67.263 71.908 75.022 77.180 78.718 79.841 80.679 81.317 81.815 82.212 82.536 82.808 83.039 83.240 83.416 83.570 83.703 83.816 83.907 83.977 84.023 84.046 84.044 84.018 83.968 83.893 83.794 83.673 83.527 83.356 83.157 82.924 82.649 82.318 81.914 81.408 80.760 79.912 78.780 77.232 75.065 71.943 67.290 60.084 48.494 29.478 0.000
 0.000 19.814 35.432 46.663 54.524 60.031 63.936 66.749 68.809 70.346 71.511 72.412 73.124 73.698 74.173 74.575 74.922 75.225 75.493 75.728 75.933 76.107 76.248 76.356 76.429 76.464 76.462 76.422 76.343 76.228 76.076 75.889 75.666 75.407 75.106 74.757 74.350 73.865 73.279 72.554 71.638 70.458 68.906 66.831 64.004 60.086 54.566 46.694 35.452 19.824 0.000
 0.000 14.386 26.832 36.725 44.264 49.910 54.123 57.278 59.660 61.479 62.888 63.998 64.889 65.621 66.236 66.764 67.226 67.635 67.999 68.322 68.604 68.845 69.043 69.193 69.295 69.345 69.342 69.286 69.177 69.017 68.807 68.550 68.245 67.891 67.486 67.022 66.486 65.858 65.109 64.199 63.068 61.638 59.797 57.394 54.219 49.988 44.324 36.769 26.860 14.400 0.000
 0.000 10.939 20.865 29.262 36.058 41.422 45.603 48.849 51.376 53.356 54.926 56.190 57.227 58.096 58.840 59.491 60.069 60.589 61.057 61.475 61.844 62.161 62.421 62.620 62.755 62.821 62.818 62.744 62.601 62.391 62.117 61.781 61.387 60.933 60.419 59.837 59.175 58.413 57.522 56.460 55.168 53.569 51.560 49.005 45.732 41.526 36.139 29.321 20.904 10.958 0.000
 0.000 8.553 16.526 23.545 29.476 34.353 38.297 41.462 43.999 46.042 47.703 49.074 50.226 51.214 52.080 52.853 53.553 54.191 54.772 55.297 55.764 56.166 56.498 56.753 56.926 57.012 57.008 56.915 56.733 56.466 56.118 55.695 55.201 54.638 54.007 53.303 52.516 51.628 50.610 49.425 48.018 46.319 44.239 41.666 38.466 34.488 29.581 23.622 16.576 8.578 0.000
 0.000 6.803 13.251 19.082 24.167 28.486 32.091 35.071 37.529 39.563 41.264 42.705 43.950 45.046 46.031 46.929 47.757 48.523 49.230 49.876 50.453 50.954 51.369 51.689 51.906 52.014 52.010 51.894 51.667 51.335 50.904 50.382 49.776 49.092 48.334 47.501 46.585 45.572 44.439 43.152 41.664 39.916 37.834 35.330 32.305 28.658 24.301 19.180 13.314 6.835 0.000
 0.000 5.471 10.713 15.546 19.863 23.629 26.859 29.605 31.934 33.917 35.623 37.113 38.438 39.637 40.742 41.772 42.739 43.649 44.497 45.279 45.983 46.596 47.107 47.501 47.769 47.903 47.899 47.757 47.479 47.072 46.546 45.911 45.179 44.360 43.461 42.487 41.434 40.294 39.049 37.672 36.124 34.358 32.315 29.928 27.127 23.844 20.031 15.668 10.792 5.510 0.000
 0.000 4.432 8.713 12.718 16.367 19.622 22.485 24.984 27.165 29.078 30.776 32.304 33.705 35.009 36.241 37.415 38.537 39.606 40.614 41.550 42.398 43.140 43.760 44.240 44.566 44.731 44.727 44.554 44.218 43.726 43.091 42.329 41.453 40.481 39.426 38.295 37.093 35.818 34.457 32.992 31.392 29.622 27.635 25.383 22.815 19.888 16.573 12.869 8.811 4.480 0.000
 0.000 3.612 7.123 10.448 13.529 16.335 18.863 21.130 23.166 25.008 26.695 28.264 29.745 31.164 32.535 33.868 35.162 36.410 37.598 38.709 39.720 40.608 41.351 41.928 42.322 42.521 42.517 42.311 41.908 41.319 40.562 39.654 38.618 37.474 36.242 34.937 33.571 32.146 30.659 29.099 27.444 25.668 23.737 21.614 19.265 16.659 13.780 10.631 7.242 3.671 0.000
 0.000 2.961 5.856 8.628 11.237 13.662 15.900 17.962 19.871 21.654 23.342 24.961 26.536 28.082 29.610 31.120 32.606 34.054 35.444 36.750 37.943 38.996 39.878 40.564 41.033 41.270 41.267 41.022 40.545 39.848 38.953 37.883 36.666 35.330 33.901 32.402 30.851 29.260 27.632 25.963 24.240 22.446 20.556 18.543 16.382 14.050 11.538 8.847 5.999 3.031 0.000
 0.000 2.445 4.849 7.176 9.402 11.514 13.511 15.406 17.214 18.960 20.665 22.352 24.036 25.728 27.431 29.139 30.838 32.508 34.121 35.643 37.039 38.273 39.310 40.117 40.669 40.949 40.945 40.659 40.099 39.283 38.234 36.985 35.568 34.018 32.371 30.657 28.901 27.123 25.335 23.538 21.730 19.898 18.026 16.094 14.082 11.973 9.758 7.436 5.019 2.529 0.000
 0.000 2.039 4.056 6.030 7.951 9.813 11.621 13.387 15.127 16.861 18.606 20.380 22.193 24.050 25.948 27.874 29.808 31.721 33.577 35.336 36.953 38.385 39.590 40.529 41.172 41.498 41.495 41.164 40.513 39.566 38.351 36.905 35.269 33.487 31.601 29.650 27.668 25.682 23.712 21.768 19.852 17.958 16.077 14.193 12.289 10.351 8.368 6.335 4.255 2.137 0.000
 0.000 1.724 3.439 5.139 6.823 8.493 10.160 11.838 13.541 15.289 17.098 18.980 20.942 22.983 25.095 27.258 29.446 31.621 33.739 35.752 37.607 39.252 40.637 41.718 42.459 42.835 42.832 42.451 41.704 40.616 39.222 37.565 35.695 33.662 31.518 29.311 27.083 24.870 22.698 20.584 18.538 16.558 14.639 12.769 10.932 9.116 7.305 5.491 3.669 1.837 0.000
 0.000 1.482 2.967 4.459 5.965 7.495 9.064 10.689 12.387 14.176 16.070 18.080 20.209 22.452 24.794 27.211 29.668 32.120 34.516 36.797 38.903 40.772 42.347 43.577 44.421 44.849 44.847 44.414 43.566 42.330 40.747 38.867 36.749 34.451 32.033 29.554 27.064 24.606 22.214 19.912 17.715 15.625 13.641 11.753 9.946 8.206 6.516 4.861 3.230 1.612 0.000
 0.000 1.301 2.615 3.953 5.330 6.764 8.274 9.878 11.597 13.450 15.449 17.604 19.914 22.372 24.957 27.639 30.376 33.117 35.800 38.359 40.724 42.825 44.596 45.980 46.930 47.412 47.411 46.924 45.970 44.581 42.803 40.694 38.318 35.746 33.045 30.282 27.517 24.802 22.176 19.671 17.304 15.085 13.012 11.078 9.269 7.566 5.952 4.407 2.911 1.448 0.000
 0.000 1.170 2.359 3.588 4.878 6.252 7.732 9.343 11.106 13.040 15.159 17.470 19.972 22.653 25.488 28.441 31.464 34.497 37.471 40.311 42.938 45.273 47.243 48.782 49.839 50.376 50.375 49.835 48.774 47.231 45.255 42.913 40.278 37.427 34.438 31.387 28.342 25.362 22.494 19.775 17.227 14.863 12.683 10.681 8.842 7.146 5.572 4.094 2.690 1.333 0.000
 0.000 1.077 2.180 3.335 4.570 5.912 7.389 9.026 10.849 12.877 15.125 17.600 20.297 23.202 26.287 29.510 32.816 36.139 39.401 42.519 45.404 47.970 50.135 51.828 52.990 53.581 53.580 52.987 51.821 50.125 47.956 45.384 42.492 39.365 36.092 32.754 29.430 26.186 23.074 20.138 17.403 14.885 12.586 10.500 8.611 6.898 5.335 3.894 2.544 1.257 0.000
 0.000 1.014 2.060 3.170 4.374 5.705 7.195 8.873 10.766 12.895 15.275 17.913 20.803 23.927 27.254 30.738 34.317 37.918 41.457 44.841 47.974 50.761 53.114 54.954 56.217 56.860 56.859 56.214 54.949 53.106 50.750 47.958 44.819 41.428 37.880 34.268 30.674 27.173 23.824 20.674 17.754 15.080 12.657 10.477 8.525 6.778 5.206 3.777 2.457 1.210 0.000
 0.000 0.974 1.984 3.067 4.258 5.594 7.109 8.835 10.801 13.031 15.540 18.333 21.405 24.736 28.290 32.017 35.850 39.711 43.506 47.138 50.501 53.494 56.021 57.997 59.354 60.045 60.044 59.352 57.993 56.014 53.485 50.488 47.121 43.484 39.681 35.811 31.966 28.225 24.654 21.302 18.204 15.380 12.834 10.559 8.539 6.747 5.153 3.720 2.411 1.185 0.000
 0.000 0.949 1.939 3.008 4.198 5.546 7.090 8.865 10.903 13.227 15.854 18.790 22.027 25.543 29.301 33.245 37.306 41.398 45.423 49.275 52.843 56.019 58.701 60.798 62.239 62.972 62.972 62.237 60.795 58.696 56.012 52.833 49.261 45.405 41.374 37.275 33.205 29.249 25.477 21.944 18.685 15.723 13.063 10.698 8.609 6.771 5.148 3.702 2.392 1.173 0.000
 0.000 0.934 1.912 2.976 4.168 5.531 7.105 8.926 11.027 13.433 16.162 19.219 22.597 26.270 30.201 34.330 38.583 42.871 47.089 51.128 54.869 58.200 61.013 63.213 64.725 65.494 65.493 64.723 63.211 61.009 58.195 54.862 51.117 47.076 42.852 38.559 34.298 30.160 26.218 22.529 19.133 16.053 13.294 10.849 8.700 6.817 5.166 3.705 2.388 1.169 0.000
 0.000 0.924 1.894 2.955 4.152 5.528 7.125 8.982 11.133 13.605 16.414 19.566 23.053 26.851 30.916 35.189 39.593 44.034 48.404 52.588 56.466 59.918 62.833 65.113 66.680 67.477 67.477 66.679 65.111 62.830 59.914 56.460 52.580 48.394 44.020 39.575 35.165 30.884 26.808 22.998 19.494 16.321 13.484 10.977 8.779 6.861 5.186 3.711 2.388 1.168 0.000
 0.000 0.915 1.878 2.934 4.132 5.514 7.126 9.007 11.191 13.706 16.568 19.785 23.347 27.228 31.386 35.758 40.264 44.810 49.284 53.568 57.539 61.074 64.059 66.395 67.999 68.816 68.816 67.998 66.393 64.057 61.071 57.534 53.562 49.276 44.799 40.250 35.738 31.359 27.193 23.301 19.724 16.488 13.599 11.050 8.821 6.881 5.192 3.709 2.384 1.165 0.000
 0.000 0.904 1.856 2.904 4.096 5.477 7.091 8.978 11.175 13.708 16.595 19.841 23.439 27.361 31.564 35.985 40.543 45.141 49.667 54.002 58.019 61.597 64.618 66.981 68.605 69.431 69.431 68.604 66.980 64.616 61.594 58.016 53.997 49.661 45.132 40.531 35.969 31.542 27.332 23.400 19.789 16.524 13.612 11.046 8.806 6.860 5.169 3.688 2.368 1.157 0.000
 0.000 0.888 1.825 2.858 4.036 5.403 7.005 8.882 11.068 13.592 16.472 19.712 23.304 27.221 31.421 35.839 40.395 44.991 49.516 53.849 57.866 61.443 64.464 66.827 68.450 69.277 69.277 68.450 66.826 64.462 61.441 57.863 53.846 49.511 44.984 40.385 35.826 31.403 27.197 23.270 19.666 16.408 13.506 10.950 8.720 6.786 5.109 3.642 2.337 1.141 0.000
 0.000 0.867 1.782 2.792 3.945 5.287 6.861 8.708 10.861 13.349 16.188 19.385 22.930 26.798 30.944 35.307 39.806 44.346 48.816 53.097 57.065 60.599 63.583 65.918 67.522 68.339 68.339 67.522 65.917 63.582 60.597 57.063 53.094 48.812 44.341 39.799 35.296 30.929 26.777 22.901 19.344 16.131 13.269 10.751 8.556 6.654 5.006 3.567 2.287 1.117 0.000
 0.000 0.839 1.724 2.703 3.822 5.126 6.656 8.453 10.550 12.975 15.743 18.860 22.318 26.091 30.137 34.394 38.786 43.216 47.579 51.758 55.631 59.080 61.994 64.273 65.839 66.636 66.636 65.838 64.272 61.993 59.079 55.629 51.755 47.576 43.212 38.779 34.386 30.124 26.073 22.292 18.823 15.691 12.901 10.448 8.310 6.460 4.857 3.459 2.218 1.082 0.000
 0.000 0.804 1.653 2.592 3.667 4.919 6.391 8.120 10.140 12.475 15.142 18.146 21.479 25.117 29.017 33.123 37.357 41.630 45.837 49.867 53.603 56.930 59.740 61.938 63.448 64.217 64.217 63.448 61.937 59.739 56.929 53.602 49.866 45.835 41.626 37.352 33.115 29.006 25.101 21.456 18.113 15.094 12.406 10.044 7.986 6.205 4.664 3.321 2.129 1.039 0.000
 0.000 0.762 1.568 2.459 3.480 4.670 6.070 7.715 9.637 11.860 14.399 17.261 20.436 23.901 27.617 31.528 35.563 39.634 43.643 47.483 51.043 54.213 56.891 58.986 60.425 61.158 61.158 60.425 58.985 56.890 54.212 51.042 47.482 43.641 39.631 35.558 31.522 27.607 23.886 20.415 17.230 14.356 11.797 9.548 7.590 5.896 4.430 3.154 2.021 0.986 0.000
 0.000 0.715 1.471 2.308 3.267 4.385 5.701 7.248 9.055 11.147 13.536 16.229 19.217 22.479 25.977 29.659 33.457 37.290 41.065 44.680 48.032 51.017 53.538 55.510 56.865 57.555 57.555 56.865 55.510 53.537 51.016 48.031 44.679 41.063 37.288 33.453 29.653 25.968 22.466 19.198 16.201 13.496 11.089 8.973 7.131 5.538 4.161 2.961 1.898 0.926 0.000
 0.000 0.663 1.365 2.142 3.032 4.071 5.293 6.731 8.411 10.355 12.576 15.080 17.859 20.892 24.146 27.571 31.104 34.669 38.181 41.544 44.662 47.439 49.784 51.619 52.880 53.521 53.521 52.879 51.618 49.783 47.438 44.661 41.543 38.179 34.667 31.101 27.566 24.139 20.881 17.842 15.055 12.540 10.302 8.335 6.623 5.143 3.863 2.749 1.762 0.859 0.000
 0.000 0.608 1.252 1.965 2.781 3.735 4.857 6.177 7.720 9.506 11.547 13.848 16.401 19.189 22.178 25.326 28.573 31.850 35.077 38.168 41.034 43.586 45.742 47.429 48.587 49.177 49.177 48.587 47.428 45.742 43.586 41.034 38.168 35.076 31.848 28.570 25.322 22.172 19.179 16.386 13.825 11.514 9.458 7.651 6.079 4.720 3.545 2.523 1.616 0.788 0.000
 0.000 0.551 1.135 1.781 2.522 3.387 4.405 5.603 7.003 8.624 10.477 12.565 14.883 17.414 20.129 22.987 25.935 28.911 31.841 34.649 37.251 39.569 41.526 43.058 44.111 44.646 44.646 44.110 43.058 41.526 39.569 37.251 34.648 31.840 28.909 25.933 22.983 20.123 17.405 14.870 12.545 10.447 8.581 6.941 5.514 4.281 3.215 2.288 1.465 0.715 0.000
 0.000 0.494 1.016 1.596 2.259 3.035 3.947 5.021 6.277 7.730 9.392 11.265 13.345 15.615 18.050 20.614 23.259 25.929 28.558 31.077 33.412 35.492 37.248 38.623 39.567 40.048 40.048 39.567 38.623 37.248 35.492 33.412 31.077 28.558 25.928 23.257 20.611 18.045 15.607 13.333 11.248 9.366 7.692 6.221 4.942 3.837 2.881 2.050 1.313 0.640 0.000
 0.000 0.437 0.900 1.412 2.000 2.687 3.495 4.447 5.559 6.847 8.319 9.979 11.822 13.834 15.992 18.265 20.610 22.976 25.307 27.540 29.610 31.453 33.010 34.229 35.066 35.492 35.492 35.066 34.229 33.010 31.453 29.609 27.539 25.306 22.975 20.608 18.262 15.988 13.827 11.811 9.963 8.296 6.813 5.510 4.377 3.397 2.551 1.815 1.162 0.567 0.000
 0.000 0.382 0.787 1.235 1.749 2.350 3.058 3.890 4.864 5.991 7.280 8.733 10.347 12.108 13.998 15.988 18.042 20.114 22.155 24.111 25.924 27.538 28.902 29.969 30.703 31.076 31.076 30.703 29.969 28.902 27.538 25.924 24.111 22.155 20.113 18.040 15.986 13.995 12.102 10.338 8.720 7.260 5.961 4.821 3.829 2.972 2.232 1.587 1.017 0.496 0.000
 0.000 0.330 0.680 1.067 1.512 2.031 2.643 3.362 4.204 5.179 6.294 7.550 8.946 10.470 12.105 13.826 15.602 17.395 19.161 20.853 22.422 23.819 24.999 25.922 26.557 26.880 26.880 26.557 25.922 24.999 23.819 22.422 20.853 19.161 17.395 15.601 13.824 12.101 10.465 8.938 7.539 6.276 5.153 4.167 3.310 2.569 1.929 1.372 0.879 0.428 0.000
 0.000 0.282 0.580 0.911 1.290 1.734 2.256 2.870 3.589 4.422 5.374 6.448 7.640 8.942 10.339 11.810 13.327 14.860 16.369 17.815 19.155 20.349 21.358 22.147 22.689 22.965 22.965 22.689 22.147 21.358 20.349 19.155 17.814 16.368 14.859 13.326 11.808 10.336 8.937 7.633 6.438 5.359 4.400 3.558 2.826 2.193 1.646 1.171 0.750 0.366 0.000
 0.000 0.238 0.489 0.768 1.088 1.461 1.901 2.420 3.026 3.728 4.531 5.437 6.443 7.541 8.720 9.961 11.242 12.535 13.809 15.029 16.160 17.168 18.019 18.685 19.143 19.376 19.376 19.143 18.685 18.019 17.168 16.160 15.029 13.808 12.534 11.241 9.960 8.718 7.538 6.437 5.429 4.519 3.710 3.000 2.382 1.848 1.388 0.987 0.632 0.308 0.000
 0.000 0.198 0.407 0.639 0.905 1.216 1.582 2.013 2.518 3.103 3.772 4.526 5.363 6.278 7.260 8.293 9.360 10.437 11.498 12.515 13.457 14.297 15.006 15.561 15.942 16.136 16.136 15.942 15.561 15.006 14.297 13.457 12.515 11.498 10.437 9.359 8.292 7.258 6.275 5.359 4.519 3.761 3.088 2.496 1.982 1.538 1.155 0.821 0.526 0.256 0.000
 0.000 0.162 0.334 0.524 0.742 0.998 1.298 1.652 2.067 2.547 3.096 3.715 4.403 5.155 5.961 6.810 7.687 8.571 9.443 10.278 11.053 11.742 12.325 12.781 13.094 13.254 13.254 13.094 12.781 12.325 11.742 11.053 10.278 9.443 8.571 7.686 6.809 5.959 5.152 4.399 3.710 3.087 2.534 2.049 1.627 1.262 0.947 0.674 0.431 0.210 0.000
 0.000 0.131 0.270 0.423 0.600 0.806 1.049 1.336 1.671 2.059 2.503 3.004 3.560 4.168 4.820 5.507 6.217 6.932 7.638 8.314 8.940 9.498 9.970 10.339 10.592 10.722 10.722 10.592 10.339 9.970 9.498 8.940 8.313 7.637 6.932 6.216 5.507 4.819 4.166 3.557 2.999 2.496 2.049 1.656 1.315 1.020 0.766 0.544 0.349 0.170 0.000
 0.000 0.104 0.214 0.336 0.476 0.640 0.833 1.060 1.326 1.635 1.987 2.385 2.827 3.310 3.829 4.375 4.938 5.507 6.067 6.605 7.103 7.546 7.921 8.214 8.416 8.518 8.518 8.416 8.214 7.921 7.546 7.102 6.604 6.067 5.507 4.938 4.374 3.827 3.309 2.825 2.382 1.982 1.627 1.315 1.044 0.810 0.608 0.432 0.277 0.135 0.000
 0.000 0.081 0.166 0.261 0.369 0.496 0.646 0.822 1.029 1.268 1.542 1.851 2.194 2.569 2.971 3.395 3.833 4.275 4.710 5.127 5.514 5.858 6.149 6.377 6.534 6.613 6.613 6.534 6.377 6.149 5.858 5.514 5.127 4.710 4.274 3.832 3.395 2.971 2.568 2.192 1.848 1.538 1.262 1.020 0.810 0.628 0.471 0.335 0.215 0.105 0.000
 0.000 0.060 0.124 0.195 0.277 0.372 0.485 0.617 0.772 0.952 1.158 1.390 1.647 1.929 2.231 2.550 2.878 3.210 3.537 3.850 4.141 4.400 4.618 4.790 4.907 4.967 4.967 4.907 4.790 4.618 4.400 4.141 3.850 3.537 3.210 2.878 2.549 2.230 1.928 1.646 1.387 1.154 0.947 0.766 0.608 0.471 0.354 0.251 0.161 0.079 0.000
 0.000 0.043 0.088 0.139 0.197 0.265 0.345 0.439 0.549 0.677 0.823 0.988 1.172 1.372 1.587 1.814 2.047 2.284 2.516 2.739 2.946 3.130 3.286 3.408 3.491 3.534 3.534 3.491 3.408 3.286 3.130 2.946 2.739 2.516 2.283 2.047 1.813 1.587 1.371 1.171 0.987 0.821 0.674 0.544 0.432 0.335 0.251 0.179 0.114 0.056 0.000
 0.000 0.028 0.057 0.089 0.126 0.169 0.221 0.281 0.352 0.433 0.527 0.633 0.750 0.879 1.017 1.162 1.312 1.463 1.612 1.755 1.887 2.005 2.105 2.183 2.237 2.264 2.264 2.237 2.183 2.105 2.005 1.887 1.755 1.612 1.463 1.311 1.161 1.016 0.878 0.750 0.632 0.526 0.431 0.349 0.277 0.215 0.161 0.114 0.073 0.036 0.000
 0.000 0.013 0.028 0.043 0.061 0.083 0.108 0.137 0.171 0.211 0.257 0.309 0.366 0.429 0.496 0.567 0.640 0.713 0.786 0.856 0.920 0.978 1.027 1.065 1.091 1.104 1.104 1.091 1.065 1.027 0.978 0.920 0.856 0.786 0.713 0.640 0.566 0.496 0.428 0.366 0.308 0.256 0.210 0.170 0.135 0.105 0.079 0.056 0.036 0.017 0.000
 0.000 0.000 0.000 0.000 0.000 0.000 0.000 0.000 0.000 0.000 0.000 0.000 0.000 0.000 0.000 0.000 0.000 0.000 0.000 0.000 0.000 0.000 0.000 0.000 0.000 0.000 0.000 0.000 0.000 0.000 0.000 0.000 0.000 0.000 0.000 0.000 0.000 0.000 0.000 0.000 0.000 0.000 0.000 0.000 0.000 0.000 0.000 0.000 0.000 0.000 0.000
