51 51
 100.000 100.000 100.000 100.000 100.000 100.000 100.000 100.000 100.000 100.000 100.000 100.000 100.000 100.000 100.000 100.000 100.000 100.000 100.000 100.000 100.000 100.000 100.000 100.000 100.000 100.000 100.000 100.000 100.000 100.000 100.000 100.000 100.000 100.000 100.000 100.000 100.000 100.000 100.000 100.000 100.000 100.000 100.000 100.000 100.000 100.000 100.000 100.000 100.000 100.000 100.000
 0.000 49.928 69.622 78.847 83.866 86.934 88.975 90.420 91.490 92.310 92.954 93.471 93.893 94.241 94.531 94.775 94.980 95.152 95.297 95.418 95.517 95.596 95.657 95.701 95.728 95.739 95.734 95.712 95.674 95.618 95.543 95.449 95.332 95.190 95.020 94.817 94.575 94.285 93.937 93.515 92.996 92.349 91.527 90.454 89.005 86.959 83.887 78.863 69.633 49.934 0.000
 0.000 30.092 49.715 61.903 69.688 74.899 78.554 81.223 83.239 84.804 86.046 87.049 87.871 88.552 89.122 89.601 90.005 90.345 90.632 90.870 91.066 91.223 91.344 91.431 91.485 91.507 91.496 91.454 91.378 91.267 91.119 90.932 90.701 90.421 90.085 89.685 89.209 88.641 87.959 87.135 86.129 84.884 83.313 81.291 78.614 74.950 69.730 61.934 49.737 30.103 0.000
 0.000 20.727 37.249 49.368 58.093 64.433 69.132 72.696 75.457 77.641 79.397 80.829 82.012 82.998 83.827 84.526 85.118 85.618 86.039 86.391 86.680 86.912 87.091 87.220 87.300 87.332 87.316 87.253 87.141 86.977 86.759 86.483 86.143 85.731 85.239 84.653 83.957 83.131 82.144 80.959 79.522 77.760 75.568 72.796 69.222 64.510 58.156 49.416 37.281 20.743 0.000
 0.000 15.571 29.192 40.238 48.899 55.625 60.867 64.992 68.280 70.933 73.100 74.891 76.383 77.637 78.696 79.595 80.358 81.006 81.553 82.011 82.388 82.692 82.925 83.094 83.198 83.241 83.221 83.139 82.992 82.778 82.494 82.134 81.691 81.157 80.520 79.764 78.870 77.813 76.559 75.063 73.267 71.091 68.427 65.126 60.986 55.727 48.982 40.302 29.235 15.593 0.000
 0.000 12.372 23.718 33.508 41.657 48.323 53.743 58.157 61.769 64.747 67.221 69.291 71.035 72.514 73.772 74.846 75.762 76.543 77.205 77.760 78.218 78.588 78.873 79.079 79.207 79.259 79.235 79.134 78.956 78.696 78.350 77.913 77.377 76.732 75.964 75.057 73.990 72.734 71.255 69.507 67.429 64.945 61.953 58.325 53.892 48.450 41.762 33.587 23.772 12.399 0.000
 0.000 10.204 19.812 28.434 35.922 42.294 47.659 52.159 55.934 59.109 61.791 64.066 66.005 67.664 69.087 70.309 71.358 72.256 73.020 73.663 74.195 74.624 74.957 75.197 75.347 75.408 75.381 75.264 75.056 74.754 74.353 73.846 73.226 72.482 71.600 70.563 69.348 67.929 66.269 64.325 62.041 59.346 56.154 52.360 47.837 42.446 36.047 28.530 19.876 10.236 0.000
 0.000 8.639 16.903 24.515 31.327 37.302 42.477 46.928 50.744 54.014 56.821 59.234 61.315 63.112 64.666 66.010 67.170 68.168 69.020 69.740 70.338 70.822 71.197 71.469 71.638 71.708 71.678 71.547 71.313 70.973 70.522 69.954 69.261 68.431 67.451 66.304 64.969 63.420 61.622 59.536 57.112 54.290 51.001 47.162 42.685 37.480 31.473 24.627 16.978 8.677 0.000
 0.000 7.456 14.662 21.419 27.598 33.145 38.060 42.378 46.150 49.439 52.303 54.798 56.973 58.869 60.523 61.963 63.214 64.295 65.223 66.010 66.665 67.197 67.610 67.910 68.098 68.175 68.142 67.999 67.742 67.369 66.875 66.254 65.497 64.595 63.534 62.299 60.869 59.220 57.323 55.142 52.635 49.754 46.443 42.644 38.297 33.348 27.764 21.545 14.748 7.499 0.000
 0.000 6.530 12.887 18.922 24.532 29.659 34.285 38.421 42.096 45.348 48.219 50.749 52.979 54.941 56.666 58.179 59.502 60.651 61.641 62.484 63.189 63.762 64.209 64.533 64.737 64.822 64.788 64.633 64.357 63.955 63.424 62.758 61.949 60.987 59.861 58.556 57.055 55.335 53.371 51.135 48.591 45.701 42.425 38.721 34.551 29.886 24.718 19.064 12.983 6.579 0.000
 0.000 5.788 11.449 16.875 21.980 26.713 31.047 34.979 38.523 41.700 44.540 47.072 49.324 51.325 53.097 54.662 56.039 57.241 58.282 59.172 59.918 60.527 61.002 61.348 61.566 61.658 61.622 61.459 61.166 60.740 60.179 59.475 58.623 57.613 56.436 55.079 53.526 51.760 49.758 47.498 44.952 42.091 38.886 35.310 31.340 26.965 22.186 17.032 11.555 5.841 0.000
 0.000 5.179 10.265 15.173 19.835 24.206 28.257 31.979 35.374 38.454 41.238 43.744 45.995 48.011 49.810 51.410 52.826 54.069 55.149 56.077 56.857 57.495 57.995 58.360 58.590 58.688 58.651 58.481 58.174 57.729 57.142 56.408 55.522 54.476 53.261 51.867 50.280 48.487 46.470 44.211 41.688 38.882 35.772 32.342 28.579 24.482 20.061 15.345 10.381 5.238 0.000
 0.000 4.674 9.276 13.742 18.017 22.060 25.846 29.360 32.600 35.570 38.280 40.743 42.974 44.987 46.798 48.418 49.859 51.131 52.242 53.199 54.006 54.669 55.189 55.570 55.811 55.913 55.877 55.701 55.383 54.922 54.315 53.558 52.645 51.572 50.330 48.912 47.307 45.504 43.489 41.248 38.768 36.033 33.032 29.753 26.194 22.359 18.261 13.928 9.402 4.737 0.000
 0.000 4.248 8.441 12.527 16.463 20.213 23.754 27.070 30.155 33.008 35.635 38.042 40.240 42.238 44.046 45.675 47.131 48.422 49.555 50.534 51.363 52.046 52.583 52.976 53.226 53.333 53.297 53.117 52.791 52.318 51.695 50.920 49.989 48.896 47.638 46.206 44.594 42.793 40.794 38.586 36.160 33.506 30.618 27.492 24.128 20.534 16.725 12.728 8.577 4.316 0.000
 0.000 3.887 7.730 11.489 15.127 18.615 21.932 25.062 27.997 30.734 33.273 35.617 37.773 39.745 41.542 43.169 44.631 45.934 47.081 48.076 48.922 49.619 50.170 50.574 50.832 50.943 50.907 50.724 50.392 49.910 49.276 48.488 47.544 46.440 45.172 43.736 42.126 40.338 38.363 36.197 33.833 31.265 28.492 25.513 22.332 18.958 15.407 11.703 7.875 3.960 0.000
 0.000 3.577 7.120 10.595 13.972 17.228 20.342 23.300 26.092 28.714 31.164 33.442 35.549 37.490 39.267 40.885 42.347 43.654 44.810 45.816 46.673 47.382 47.942 48.355 48.619 48.734 48.699 48.514 48.178 47.690 47.048 46.252 45.300 44.190 42.920 41.486 39.887 38.117 36.175 34.056 31.757 29.278 26.617 23.777 20.765 17.591 14.269 10.822 7.273 3.655 0.000
 0.000 3.311 6.593 9.821 12.970 16.018 18.949 21.748 24.408 26.920 29.282 31.491 33.547 35.451 37.205 38.808 40.262 41.569 42.728 43.740 44.605 45.322 45.890 46.309 46.578 46.696 46.663 46.477 46.138 45.646 45.000 44.200 43.244 42.133 40.866 39.441 37.857 36.112 34.206 32.138 29.907 27.513 24.960 22.251 19.394 16.400 13.282 10.060 6.755 3.392 0.000
 0.000 3.080 6.136 9.148 12.095 14.959 17.724 20.380 22.915 25.323 27.600 29.741 31.745 33.609 35.334 36.919 38.362 39.664 40.822 41.836 42.705 43.427 44.000 44.424 44.697 44.818 44.785 44.600 44.260 43.766 43.118 42.317 41.362 40.254 38.994 37.581 36.017 34.301 32.434 30.418 28.254 25.944 23.493 20.906 18.191 15.359 12.422 9.398 6.305 3.165 0.000
 0.000 2.878 5.737 8.560 11.328 14.027 16.645 19.168 21.589 23.900 26.095 28.169 30.120 31.943 33.637 35.200 36.629 37.921 39.075 40.088 40.957 41.682 42.258 42.685 42.961 43.084 43.053 42.868 42.528 42.035 41.388 40.588 39.637 38.536 37.286 35.889 34.348 32.663 30.838 28.874 26.775 24.546 22.190 19.716 17.130 14.444 11.669 8.820 5.913 2.966 0.000
 0.000 2.701 5.387 8.042 10.652 13.205 15.688 18.092 20.407 22.626 24.743 26.753 28.651 30.433 32.094 33.632 35.043 36.324 37.470 38.479 39.347 40.071 40.649 41.077 41.355 41.479 41.450 41.266 40.928 40.437 39.792 38.997 38.052 36.960 35.724 34.346 32.829 31.178 29.394 27.483 25.448 23.295 21.029 18.659 16.191 13.636 11.005 8.311 5.569 2.793 0.000
 0.000 2.545 5.077 7.584 10.054 12.475 14.836 17.130 19.348 21.482 23.525 25.473 27.319 29.058 30.686 32.197 33.588 34.854 35.990 36.992 37.856 38.578 39.155 39.584 39.862 39.988 39.960 39.778 39.443 38.954 38.315 37.525 36.589 35.509 34.289 32.932 31.443 29.825 28.084 26.224 24.251 22.170 19.989 17.714 15.354 12.918 10.417 7.862 5.265 2.639 0.000
 0.000 2.406 4.802 7.177 9.520 11.822 14.073 16.267 18.394 20.448 22.421 24.308 26.103 27.800 29.393 30.877 32.245 33.494 34.617 35.610 36.468 37.186 37.760 38.188 38.466 38.593 38.567 38.388 38.055 37.572 36.938 36.157 35.231 34.166 32.963 31.629 30.169 28.586 26.887 25.078 23.164 21.153 19.051 16.865 14.604 12.276 9.892 7.461 4.994 2.503 0.000
 0.000 2.282 4.555 6.811 9.039 11.233 13.384 15.485 17.528 19.506 21.413 23.242 24.987 26.641 28.198 29.652 30.997 32.227 33.335 34.317 35.166 35.878 36.448 36.874 37.151 37.278 37.254 37.077 36.749 36.271 35.645 34.874 33.961 32.911 31.729 30.420 28.989 27.442 25.786 24.027 22.171 20.225 18.198 16.095 13.925 11.697 9.419 7.100 4.751 2.381 0.000
 0.000 2.170 4.332 6.479 8.604 10.699 12.757 14.771 16.735 18.642 20.485 22.257 23.952 25.564 27.084 28.508 29.827 31.035 32.127 33.095 33.933 34.637 35.203 35.624 35.900 36.027 36.004 35.831 35.508 35.036 34.419 33.660 32.762 31.730 30.569 29.286 27.886 26.376 24.763 23.053 21.254 19.372 17.414 15.390 13.305 11.169 8.988 6.773 4.530 2.270 0.000
 0.000 2.067 4.127 6.175 8.204 10.208 12.179 14.113 16.002 17.841 19.622 21.339 22.985 24.553 26.036 27.427 28.719 29.904 30.976 31.928 32.755 33.449 34.008 34.425 34.698 34.824 34.803 34.633 34.316 33.852 33.245 32.499 31.617 30.605 29.468 28.213 26.845 25.373 23.803 22.142 20.398 18.577 16.688 14.737 12.733 10.682 8.593 6.472 4.328 2.168 0.000
 0.000 1.972 3.939 5.894 7.834 9.752 11.642 13.499 15.317 17.089 18.810 20.472 22.069 23.593 25.038 26.395 27.658 28.818 29.869 30.804 31.616 32.299 32.849 33.260 33.530 33.655 33.635 33.469 33.158 32.704 32.109 31.377 30.513 29.522 28.410 27.185 25.851 24.418 22.891 21.279 19.590 17.829 16.006 14.126 12.198 10.228 8.224 6.192 4.140 2.073 0.000
 0.000 1.883 3.762 5.631 7.486 9.323 11.136 12.920 14.669 16.377 18.038 19.646 21.194 22.673 24.078 25.400 26.631 27.764 28.792 29.707 30.503 31.173 31.713 32.117 32.383 32.507 32.488 32.326 32.022 31.578 30.996 30.280 29.436 28.468 27.383 26.189 24.891 23.497 22.015 20.453 18.818 17.117 15.357 13.547 11.692 9.800 7.877 5.929 3.963 1.984 0.000
 0.000 1.799 3.594 5.381 7.157 8.916 10.654 12.367 14.049 15.694 17.296 18.850 20.347 21.781 23.144 24.428 25.626 26.730 27.733 28.626 29.404 30.060 30.588 30.984 31.245 31.367 31.350 31.192 30.896 30.462 29.894 29.196 28.373 27.431 26.375 25.213 23.953 22.600 21.164 19.652 18.071 16.429 14.734 12.991 11.207 9.390 7.545 5.677 3.794 1.900 0.000
 0.000 1.718 3.433 5.142 6.840 8.524 10.190 11.833 13.449 15.031 16.574 18.073 19.519 20.906 22.225 23.471 24.634 25.707 26.682 27.551 28.309 28.948 29.464 29.851 30.105 30.225 30.209 30.057 29.768 29.347 28.794 28.116 27.316 26.400 25.375 24.248 23.026 21.717 20.328 18.867 17.342 15.759 14.127 12.450 10.737 8.993 7.224 5.435 3.631 1.818 0.000
 0.000 1.640 3.278 4.909 6.532 8.143 9.737 11.312 12.862 14.381 15.866 17.308 18.702 20.040 21.315 22.519 23.645 24.684 25.630 26.474 27.209 27.831 28.332 28.708 28.956 29.074 29.059 28.911 28.632 28.223 27.687 27.029 26.254 25.367 24.375 23.285 22.103 20.839 19.499 18.090 16.621 15.099 13.530 11.920 10.277 8.605 6.911 5.198 3.473 1.738 0.000
 0.000 1.564 3.125 4.682 6.230 7.769 9.293 10.799 12.283 13.739 15.163 16.548 17.888 19.176 20.404 21.565 22.652 23.656 24.569 25.386 26.098 26.699 27.185 27.550 27.791 27.905 27.891 27.749 27.479 27.084 26.566 25.930 25.181 24.325 23.367 22.316 21.177 19.959 18.670 17.315 15.904 14.442 12.937 11.395 9.821 8.222 6.601 4.965 3.316 1.660 0.000
 0.000 1.488 2.975 4.457 5.932 7.398 8.852 10.289 11.707 13.099 14.462 15.789 17.073 18.309 19.488 20.604 21.649 22.615 23.495 24.282 24.968 25.549 26.017 26.370 26.603 26.713 26.701 26.564 26.304 25.924 25.425 24.813 24.092 23.268 22.347 21.336 20.242 19.073 17.835 16.537 15.184 13.785 12.345 10.871 9.367 7.840 6.294 4.733 3.161 1.582 0.000
 0.000 1.413 2.825 4.233 5.635 7.029 8.412 9.780 11.131 12.458 13.758 15.025 16.253 17.434 18.563 19.632 20.633 21.559 22.404 23.159 23.818 24.375 24.826 25.165 25.389 25.496 25.484 25.353 25.104 24.739 24.261 23.674 22.982 22.192 21.310 20.341 19.294 18.175 16.992 15.751 14.459 13.123 11.750 10.344 8.912 7.457 5.986 4.501 3.006 1.505 0.000
 0.000 1.338 2.675 4.009 5.338 6.659 7.971 9.269 10.552 11.813 13.049 14.255 15.423 16.549 17.625 18.645 19.600 20.485 21.291 22.013 22.643 23.176 23.607 23.932 24.147 24.249 24.238 24.113 23.876 23.527 23.070 22.510 21.849 21.095 20.253 19.329 18.330 17.264 16.136 14.954 13.725 12.454 11.149 9.813 8.453 7.072 5.676 4.267 2.850 1.427 0.000
 0.000 1.263 2.525 3.784 5.039 6.287 7.527 8.755 9.968 11.162 12.333 13.475 14.583 15.651 16.673 17.641 18.549 19.390 20.157 20.843 21.443 21.951 22.361 22.670 22.875 22.973 22.963 22.844 22.618 22.287 21.853 21.320 20.692 19.975 19.175 18.297 17.349 16.336 15.267 14.146 12.981 11.777 10.540 9.276 7.989 6.684 5.363 4.032 2.692 1.348 0.000
 0.000 1.187 2.374 3.558 4.738 5.912 7.079 8.235 9.378 10.503 11.607 12.685 13.731 14.739 15.705 16.620 17.478 18.274 18.999 19.649 20.218 20.698 21.087 21.380 21.574 21.667 21.658 21.546 21.332 21.019 20.608 20.103 19.510 18.832 18.075 17.245 16.349 15.393 14.383 13.325 12.225 11.090 9.924 8.732 7.520 6.290 5.047 3.794 2.533 1.268 0.000
 0.000 1.111 2.221 3.330 4.434 5.534 6.627 7.711 8.782 9.837 10.873 11.884 12.867 13.814 14.721 15.581 16.389 17.137 17.820 18.432 18.967 19.420 19.786 20.062 20.245 20.333 20.324 20.219 20.018 19.723 19.336 18.862 18.303 17.665 16.954 16.174 15.332 14.433 13.484 12.490 11.458 10.393 9.299 8.181 7.045 5.892 4.727 3.553 2.372 1.187 0.000
 0.000 1.034 2.068 3.099 4.128 5.153 6.171 7.180 8.179 9.163 10.129 11.073 11.990 12.875 13.722 14.526 15.281 15.981 16.619 17.192 17.693 18.116 18.459 18.718 18.889 18.971 18.964 18.865 18.677 18.402 18.040 17.596 17.074 16.478 15.812 15.084 14.296 13.457 12.571 11.643 10.680 9.686 8.665 7.623 6.563 5.489 4.404 3.310 2.210 1.106 0.000
 0.000 0.957 1.913 2.867 3.819 4.767 5.710 6.645 7.570 8.482 9.377 10.252 11.102 11.923 12.709 13.456 14.156 14.806 15.400 15.931 16.396 16.790 17.109 17.350 17.509 17.586 17.579 17.487 17.313 17.057 16.721 16.309 15.824 15.270 14.653 13.976 13.245 12.467 11.644 10.784 9.891 8.969 8.024 7.058 6.076 5.082 4.076 3.064 2.045 1.024 0.000
 0.000 0.879 1.757 2.633 3.508 4.379 5.245 6.104 6.954 7.793 8.617 9.422 10.204 10.960 11.684 12.371 13.017 13.615 14.162 14.652 15.081 15.444 15.738 15.960 16.107 16.178 16.172 16.088 15.927 15.691 15.382 15.002 14.555 14.045 13.476 12.853 12.180 11.463 10.706 9.914 9.092 8.244 7.375 6.487 5.584 4.670 3.746 2.815 1.879 0.940 0.000
 0.000 0.800 1.599 2.398 3.194 3.987 4.776 5.559 6.334 7.099 7.850 8.584 9.298 9.987 10.648 11.275 11.864 12.411 12.910 13.358 13.749 14.081 14.350 14.553 14.687 14.752 14.746 14.670 14.523 14.307 14.025 13.678 13.270 12.804 12.285 11.716 11.102 10.448 9.757 9.035 8.285 7.512 6.719 5.910 5.087 4.254 3.412 2.564 1.712 0.857 0.000
 0.000 0.721 1.441 2.161 2.878 3.593 4.305 5.011 5.709 6.399 7.076 7.739 8.383 9.005 9.602 10.168 10.700 11.194 11.645 12.050 12.404 12.704 12.947 13.130 13.251 13.310 13.305 13.236 13.103 12.909 12.653 12.340 11.972 11.551 11.082 10.568 10.014 9.423 8.800 8.148 7.471 6.774 6.058 5.328 4.586 3.835 3.076 2.312 1.543 0.772 0.000
 0.000 0.641 1.282 1.922 2.561 3.197 3.831 4.459 5.081 5.695 6.298 6.889 7.463 8.017 8.548 9.053 9.528 9.968 10.370 10.731 11.046 11.314 11.531 11.694 11.803 11.855 11.851 11.789 11.671 11.497 11.270 10.990 10.662 10.287 9.869 9.411 8.917 8.390 7.835 7.254 6.652 6.030 5.393 4.743 4.082 3.413 2.738 2.057 1.373 0.687 0.000
 0.000 0.562 1.123 1.683 2.243 2.800 3.354 3.905 4.450 4.988 5.517 6.034 6.537 7.023 7.489 7.932 8.348 8.734 9.087 9.403 9.680 9.915 10.105 10.248 10.344 10.390 10.386 10.332 10.228 10.076 9.876 9.631 9.343 9.014 8.648 8.246 7.813 7.351 6.865 6.355 5.827 5.283 4.724 4.155 3.576 2.990 2.398 1.802 1.203 0.602 0.000
 0.000 0.482 0.963 1.444 1.923 2.401 2.877 3.349 3.817 4.278 4.732 5.176 5.608 6.025 6.425 6.805 7.163 7.494 7.797 8.069 8.307 8.508 8.672 8.795 8.877 8.916 8.913 8.867 8.778 8.647 8.476 8.265 8.018 7.736 7.421 7.076 6.704 6.308 5.890 5.453 4.999 4.532 4.053 3.564 3.067 2.565 2.057 1.545 1.032 0.516 0.000
 0.000 0.401 0.803 1.203 1.603 2.002 2.398 2.792 3.182 3.567 3.946 4.316 4.676 5.024 5.358 5.675 5.973 6.250 6.503 6.730 6.928 7.097 7.233 7.336 7.404 7.437 7.434 7.396 7.322 7.212 7.069 6.894 6.687 6.452 6.189 5.901 5.591 5.260 4.912 4.547 4.169 3.779 3.379 2.972 2.558 2.138 1.715 1.288 0.860 0.430 0.000
 0.000 0.321 0.642 0.963 1.283 1.602 1.919 2.234 2.547 2.855 3.158 3.454 3.742 4.021 4.288 4.542 4.781 5.003 5.205 5.387 5.546 5.681 5.790 5.873 5.927 5.954 5.952 5.921 5.861 5.774 5.659 5.519 5.353 5.165 4.954 4.724 4.476 4.211 3.931 3.640 3.337 3.025 2.705 2.378 2.047 1.711 1.372 1.031 0.688 0.344 0.000
 0.000 0.241 0.482 0.722 0.962 1.202 1.440 1.676 1.910 2.141 2.369 2.591 2.808 3.017 3.217 3.408 3.587 3.754 3.906 4.042 4.161 4.263 4.345 4.406 4.448 4.467 4.466 4.443 4.398 4.332 4.246 4.141 4.017 3.875 3.717 3.544 3.358 3.159 2.950 2.731 2.503 2.269 2.029 1.784 1.536 1.284 1.029 0.773 0.516 0.258 0.000
 0.000 0.161 0.321 0.482 0.642 0.801 0.960 1.118 1.274 1.428 1.579 1.728 1.872 2.012 2.145 2.272 2.392 2.503 2.604 2.695 2.775 2.843 2.897 2.939 2.966 2.979 2.978 2.963 2.933 2.889 2.832 2.761 2.679 2.584 2.479 2.364 2.239 2.107 1.967 1.821 1.669 1.513 1.353 1.190 1.024 0.856 0.686 0.516 0.344 0.172 0.000
 0.000 0.080 0.161 0.241 0.321 0.401 0.480 0.559 0.637 0.714 0.790 0.864 0.936 1.006 1.073 1.136 1.196 1.252 1.302 1.348 1.388 1.421 1.449 1.469 1.483 1.490 1.489 1.482 1.467 1.445 1.416 1.381 1.340 1.292 1.240 1.182 1.120 1.054 0.984 0.911 0.835 0.757 0.677 0.595 0.512 0.428 0.343 0.258 0.172 0.086 0.000
 0.000 0.000 0.000 0.000 0.000 0.000 0.000 0.000 0.000 0.000 0.000 0.000 0.000 0.000 0.000 0.000 0.000 0.000 0.000 0.000 0.000 0.000 0.000 0.000 0.000 0.000 0.000 0.000 0.000 0.000 0.000 0.000 0.000 0.000 0.000 0.000 0.000 0.000 0.000 0.000 0.000 0.000 0.000 0.000 0.000 0.000 0.000 0.000 0.000 0.000 0.000
