51 51
 100.000 100.000 100.000 100.000 100.000 100.000 100.000 100.000 100.000 100.000 100.000 100.000 100.000 100.000 100.000 100.000 100.000 100.000 100.000 100.000 100.000 100.000 100.000 100.000 100.000 100.000 100.000 100.000 100.000 100.000 100.000 100.000 100.000 100.000 100.000 100.000 100.000 100.000 100.000 100.000 100.000 100.000 100.000 100.000 100.000 100.000 100.000 100.000 100.000 100.000 100.000
 0.000 49.790 69.347 78.437 83.324 86.262 88.181 89.508 90.463 91.179 91.722 92.149 92.483 92.749 92.962 93.144 93.290 93.410 93.509 93.591 93.659 93.714 93.757 93.788 93.809 93.819 93.818 93.807 93.783 93.740 93.694 93.640 93.568 93.477 93.361 93.218 93.040 92.809 92.548 92.220 91.796 91.251 90.535 89.571 88.237 86.311 83.362 78.466 69.367 49.800 0.000
 0.000 29.818 49.169 61.089 68.612 73.567 76.977 79.411 81.193 82.554 83.598 84.415 85.067 85.587 86.011 86.359 86.647 86.884 87.079 87.243 87.375 87.479 87.570 87.631 87.675 87.695 87.692 87.672 87.625 87.561 87.474 87.353 87.200 87.019 86.790 86.507 86.160 85.734 85.213 84.565 83.747 82.700 81.337 79.525 77.087 73.662 68.688 61.147 49.208 29.838 0.000
 0.000 20.321 36.439 48.162 56.500 62.460 66.794 70.010 72.437 74.301 75.765 76.924 77.851 78.598 79.212 79.717 80.137 80.485 80.775 81.012 81.200 81.368 81.491 81.578 81.647 81.683 81.684 81.651 81.582 81.487 81.359 81.184 80.961 80.688 80.353 79.942 79.441 78.827 78.081 77.153 75.994 74.525 72.641 70.195 66.959 62.602 56.614 48.246 36.498 20.350 0.000
 0.000 15.038 28.129 38.656 46.808 53.038 57.797 61.468 64.315 66.548 68.333 69.763 70.918 71.859 72.639 73.284 73.825 74.276 74.648 74.962 75.213 75.406 75.562 75.687 75.782 75.833 75.838 75.797 75.711 75.586 75.417 75.183 74.893 74.537 74.109 73.588 72.952 72.179 71.235 70.069 68.642 66.851 64.591 61.715 58.009 53.224 46.960 38.773 28.209 15.077 0.000
 0.000 11.719 22.416 31.568 39.093 45.155 49.990 53.841 56.915 59.384 61.383 63.008 64.342 65.445 66.362 67.128 67.771 68.311 68.762 69.138 69.446 69.698 69.896 70.040 70.133 70.197 70.204 70.154 70.056 69.876 69.695 69.420 69.071 68.638 68.112 67.496 66.750 65.843 64.736 63.397 61.771 59.757 57.259 54.140 50.258 45.386 39.285 31.715 22.516 11.768 0.000
 0.000 9.443 18.288 26.160 32.915 38.583 43.265 47.105 50.249 52.832 54.961 56.717 58.156 59.397 60.423 61.288 62.017 62.634 63.149 63.572 63.935 64.242 64.470 64.632 64.760 64.823 64.825 64.755 64.647 64.474 64.229 63.924 63.528 63.025 62.403 61.715 60.889 59.884 58.666 57.196 55.428 53.282 50.664 47.473 43.590 38.856 33.149 26.340 18.407 9.498 0.000
 0.000 7.773 15.177 21.941 27.924 33.098 37.497 41.199 44.291 46.893 49.085 50.916 52.455 53.727 54.857 55.799 56.590 57.282 57.832 58.341 58.748 59.083 59.339 59.535 59.674 59.735 59.750 59.692 59.568 59.368 59.086 58.734 58.296 57.749 57.085 56.318 55.405 54.323 53.027 51.480 49.634 47.429 44.789 41.639 37.885 33.428 28.199 22.149 15.316 7.842 0.000
 0.000 6.498 12.754 18.574 23.839 28.499 32.557 36.052 39.039 41.589 43.763 45.611 47.189 48.536 49.694 50.699 51.554 52.285 52.916 53.446 53.895 54.259 54.555 54.772 54.877 54.986 55.006 54.943 54.798 54.579 54.246 53.889 53.409 52.812 52.082 51.288 50.321 49.186 47.840 46.238 44.390 42.170 39.596 36.556 33.002 28.878 24.151 18.809 12.913 6.578 0.000
 0.000 5.490 10.817 15.837 20.462 24.621 28.323 31.572 34.401 36.853 38.971 40.799 42.384 43.755 44.944 45.992 46.881 47.642 48.333 48.900 49.395 49.781 50.115 50.307 50.521 50.604 50.616 50.535 50.359 50.134 49.815 49.407 48.889 48.242 47.527 46.671 45.633 44.491 43.122 41.532 39.677 37.521 35.020 32.135 28.820 25.047 20.805 16.098 10.998 5.580 0.000
 0.000 4.684 9.252 13.599 17.650 21.354 24.698 27.686 30.330 32.656 34.695 36.481 38.044 39.420 40.633 41.705 42.637 43.444 44.157 44.761 45.274 45.695 46.048 46.310 46.494 46.588 46.596 46.516 46.339 46.079 45.730 45.290 44.757 44.110 43.356 42.468 41.434 40.242 38.867 37.290 35.472 33.389 31.004 28.300 25.236 21.816 18.023 13.883 9.444 4.782 0.000
 0.000 4.022 7.960 11.736 15.290 18.579 21.593 24.324 26.771 28.959 30.904 32.634 34.168 35.527 36.745 37.829 38.779 39.606 40.356 40.990 41.508 41.951 42.332 42.632 42.831 42.941 42.951 42.866 42.687 42.415 42.049 41.591 41.025 40.352 39.572 38.667 37.620 36.419 35.048 33.506 31.746 29.752 27.492 24.986 22.181 19.084 15.696 12.044 8.164 4.126 0.000
 0.000 3.472 6.885 10.177 13.303 16.229 18.939 21.422 23.676 25.724 27.567 29.227 30.725 32.061 33.260 34.359 35.333 36.185 36.952 37.616 38.181 38.654 39.050 39.350 39.555 39.667 39.675 39.583 39.393 39.119 38.738 38.259 37.675 36.984 36.172 35.262 34.209 33.007 31.662 30.162 28.472 26.580 24.468 22.134 19.561 16.764 13.739 10.508 7.108 3.587 0.000
 0.000 3.014 5.985 8.868 11.625 14.230 16.665 18.926 21.006 22.912 24.658 26.248 27.704 29.021 30.220 31.307 32.285 33.156 33.934 34.618 35.212 35.710 36.119 36.428 36.640 36.755 36.765 36.671 36.462 36.192 35.801 35.303 34.702 33.997 33.176 32.248 31.192 30.003 28.686 27.225 25.608 23.818 21.845 19.684 17.332 14.799 12.089 9.220 6.227 3.138 0.000
 0.000 2.628 5.232 7.767 10.209 12.534 14.730 16.785 18.689 20.476 22.075 23.628 25.066 26.354 27.537 28.616 29.595 30.484 31.276 31.978 32.591 33.109 33.534 33.856 34.076 34.197 34.209 34.119 33.918 33.625 33.218 32.703 32.088 31.368 30.537 29.599 28.540 27.360 26.074 24.655 23.115 21.424 19.581 17.582 15.430 13.132 10.698 8.143 5.489 2.763 0.000
 0.000 2.314 4.604 6.846 9.019 11.096 13.092 14.973 16.747 18.405 19.966 21.422 22.772 24.033 25.195 26.228 27.244 28.153 28.965 29.685 30.315 30.845 31.285 31.619 31.844 31.949 31.981 31.890 31.694 31.387 30.965 30.440 29.810 29.075 28.232 27.290 26.231 25.080 23.820 22.445 20.963 19.361 17.638 15.786 13.811 11.720 9.523 7.233 4.868 2.447 0.000
 0.000 2.049 4.081 6.077 8.021 9.896 11.705 13.430 15.073 16.631 18.103 19.493 20.779 22.029 23.178 24.249 25.239 26.152 26.974 27.708 28.348 28.886 29.343 29.692 29.923 30.055 30.066 29.925 29.751 29.447 29.010 28.477 27.835 27.088 26.230 25.296 24.252 23.112 21.874 20.539 19.113 17.592 15.977 14.257 12.438 10.527 8.533 6.475 4.345 2.182 0.000
 0.000 1.829 3.646 5.436 7.189 8.891 10.539 12.127 13.623 15.119 16.496 17.857 19.124 20.328 21.455 22.523 23.519 24.437 25.242 26.016 26.673 27.230 27.677 28.049 28.286 28.420 28.437 28.332 28.119 27.788 27.343 26.793 26.138 25.382 24.526 23.584 22.546 21.420 20.210 18.918 17.548 16.101 14.571 12.959 11.276 9.520 7.699 5.825 3.907 1.960 0.000
 0.000 1.647 3.286 4.904 6.494 8.046 9.562 11.035 12.465 13.850 15.184 16.467 17.705 18.888 20.005 21.064 22.058 22.981 23.825 24.584 25.251 25.812 26.293 26.655 26.899 27.028 27.043 26.938 26.714 26.370 25.919 25.356 24.689 23.924 23.067 22.121 21.087 19.971 18.788 17.537 16.217 14.831 13.378 11.849 10.295 8.671 6.999 5.286 3.542 1.775 0.000
 0.000 1.497 2.994 4.463 5.915 7.335 8.744 10.122 11.469 12.784 14.059 15.287 16.497 17.671 18.781 19.831 20.823 21.751 22.605 23.375 24.054 24.635 25.113 25.478 25.727 25.856 25.864 25.751 25.523 25.175 24.729 24.133 23.455 22.683 21.820 20.873 19.841 18.729 17.580 16.355 15.086 13.755 12.373 10.943 9.473 7.959 6.412 4.836 3.237 1.621 0.000
 0.000 1.368 2.734 4.094 5.439 6.765 8.076 9.373 10.650 11.904 13.132 14.328 15.510 16.656 17.753 18.796 19.792 20.724 21.580 22.356 23.035 23.626 24.111 24.481 24.734 24.863 24.868 24.748 24.508 24.151 23.676 23.090 22.403 21.625 20.749 19.805 18.783 17.694 16.559 15.368 14.127 12.843 11.522 10.166 8.778 7.359 5.919 4.459 2.982 1.492 0.000
 0.000 1.262 2.527 3.788 5.036 6.284 7.511 8.747 9.965 11.166 12.357 13.526 14.680 15.801 16.883 17.915 18.917 19.852 20.709 21.491 22.182 22.773 23.256 23.631 23.892 24.015 24.016 23.889 23.639 23.272 22.790 22.197 21.502 20.718 19.842 18.891 17.875 16.800 15.682 14.518 13.311 12.069 10.801 9.507 8.193 6.858 5.508 4.144 2.771 1.386 0.000
 0.000 1.179 2.359 3.537 4.712 5.886 7.050 8.224 9.390 10.548 11.701 12.839 13.971 15.061 16.151 17.178 18.176 19.110 19.972 20.753 21.445 22.036 22.521 22.891 23.142 23.268 23.266 23.135 22.880 22.505 22.017 21.420 20.721 19.924 19.047 18.099 17.090 16.023 14.946 13.783 12.607 11.407 10.191 8.950 7.699 6.437 5.162 3.876 2.587 1.295 0.000
 0.000 1.109 2.219 3.330 4.441 5.555 6.667 7.781 8.902 10.030 11.147 12.267 13.360 14.463 15.526 16.546 17.533 18.460 19.321 20.102 20.794 21.384 21.866 22.232 22.478 22.599 22.593 22.459 22.198 21.818 21.326 20.730 20.031 19.223 18.345 17.402 16.402 15.353 14.266 13.144 11.999 10.839 9.669 8.475 7.281 6.092 4.874 3.653 2.433 1.218 0.000
 0.000 1.050 2.102 3.157 4.209 5.276 6.338 7.421 8.505 9.595 10.687 11.779 12.859 13.919 14.978 15.985 16.963 17.882 18.736 19.512 20.202 20.786 21.264 21.628 21.869 21.987 21.980 21.836 21.570 21.194 20.686 20.082 19.378 18.579 17.708 16.772 15.782 14.749 13.682 12.581 11.462 10.333 9.198 8.050 6.908 5.764 4.612 3.458 2.305 1.153 0.000
 0.000 1.002 2.009 3.009 4.025 5.045 6.071 7.110 8.156 9.214 10.279 11.343 12.403 13.453 14.482 15.482 16.444 17.350 18.194 18.964 19.654 20.228 20.698 21.065 21.295 21.414 21.417 21.248 20.970 20.580 20.078 19.473 18.770 17.979 17.144 16.214 15.209 14.191 13.166 12.068 10.980 9.882 8.780 7.677 6.579 5.483 4.383 3.286 2.191 1.097 0.000
 0.000 0.966 1.940 2.897 3.864 4.843 5.832 6.832 7.844 8.870 9.906 10.945 11.983 13.013 14.022 15.007 15.952 16.843 17.674 18.433 19.107 19.688 20.154 20.533 20.738 20.844 20.827 20.660 20.377 19.983 19.482 18.879 18.181 17.398 16.543 15.627 14.664 13.664 12.636 11.589 10.533 9.470 8.404 7.339 6.283 5.236 4.180 3.132 2.089 1.047 0.000
 0.000 0.932 1.869 2.793 3.720 4.660 5.612 6.578 7.558 8.552 9.558 10.573 11.585 12.590 13.576 14.540 15.463 16.338 17.172 17.909 18.559 19.121 19.578 19.926 20.147 20.277 20.212 20.048 19.765 19.373 18.877 18.282 17.590 16.816 15.974 15.074 14.130 13.152 12.149 11.131 10.106 9.078 8.068 7.025 6.007 5.002 3.993 2.990 1.996 1.001 0.000
 0.000 0.897 1.793 2.687 3.585 4.490 5.408 6.341 7.288 8.249 9.232 10.208 11.191 12.169 13.132 14.071 14.970 15.828 16.630 17.355 17.989 18.533 18.977 19.352 19.562 19.627 19.572 19.405 19.125 18.738 18.254 17.666 16.983 16.222 15.397 14.518 13.595 12.642 11.668 10.682 9.690 8.700 7.715 6.723 5.742 4.777 3.817 2.859 1.917 0.961 0.000
 0.000 0.863 1.725 2.587 3.456 4.328 5.213 6.111 7.024 7.953 8.903 9.843 10.795 11.742 12.675 13.588 14.460 15.297 16.066 16.763 17.381 17.909 18.335 18.651 18.870 18.935 18.889 18.726 18.450 18.070 17.605 17.044 16.345 15.631 14.801 13.947 13.050 12.124 11.182 10.230 9.277 8.322 7.373 6.423 5.484 4.559 3.643 2.729 1.849 0.916 0.000
 0.000 0.830 1.658 2.487 3.325 4.168 5.025 5.884 6.762 7.661 8.566 9.475 10.389 11.303 12.202 13.077 13.921 14.728 15.474 16.145 16.736 17.245 17.655 17.947 18.135 18.209 18.165 18.004 17.732 17.355 16.885 16.321 15.675 14.959 14.181 13.355 12.487 11.592 10.685 9.770 8.859 7.938 7.026 6.119 5.225 4.357 3.475 2.602 1.738 0.882 0.000
 0.000 0.797 1.603 2.384 3.186 3.998 4.818 5.660 6.492 7.379 8.223 9.092 9.969 10.845 11.706 12.544 13.355 14.133 14.855 15.496 16.053 16.540 16.934 17.201 17.374 17.444 17.396 17.236 16.969 16.603 16.142 15.599 14.975 14.278 13.528 12.732 11.898 11.041 10.182 9.301 8.417 7.540 6.670 5.809 4.987 4.134 3.307 2.474 1.647 0.829 0.000
 0.000 0.764 1.521 2.289 3.044 3.820 4.602 5.391 6.195 7.019 7.849 8.684 9.525 10.362 11.180 11.978 12.747 13.482 14.166 14.775 15.311 15.770 16.140 16.397 16.567 16.633 16.581 16.421 16.186 15.810 15.364 14.844 14.251 13.570 12.853 12.085 11.287 10.469 9.639 8.801 7.965 7.132 6.307 5.492 4.692 3.906 3.124 2.340 1.563 0.809 0.000
 0.000 0.732 1.452 2.175 2.900 3.636 4.377 5.126 5.890 6.670 7.462 8.257 9.060 9.858 10.626 11.384 12.108 12.803 13.458 14.021 14.523 14.951 15.316 15.543 15.701 15.757 15.707 15.556 15.310 14.970 14.540 14.037 13.460 12.819 12.140 11.424 10.658 9.892 9.090 8.293 7.501 6.713 5.934 5.168 4.415 3.675 2.938 2.204 1.473 0.741 0.000
 0.000 0.699 1.383 2.073 2.752 3.448 4.145 4.854 5.577 6.312 7.058 7.808 8.562 9.311 10.038 10.751 11.439 12.091 12.698 13.231 13.703 14.106 14.422 14.663 14.793 14.839 14.791 14.642 14.404 14.098 13.700 13.222 12.661 12.057 11.399 10.717 10.005 9.272 8.526 7.775 7.026 6.284 5.553 4.837 4.134 3.442 2.750 2.065 1.383 0.693 0.000
 0.000 0.658 1.304 1.954 2.594 3.247 3.907 4.575 5.258 5.945 6.640 7.342 8.047 8.743 9.427 10.099 10.747 11.348 11.908 12.408 12.851 13.241 13.524 13.733 13.853 13.910 13.842 13.703 13.475 13.183 12.789 12.337 11.820 11.255 10.646 10.006 9.339 8.647 7.946 7.242 6.540 5.848 5.168 4.501 3.849 3.211 2.562 1.921 1.283 0.643 0.000
 0.000 0.620 1.225 1.827 2.432 3.044 3.664 4.290 4.938 5.565 6.210 6.860 7.514 8.164 8.800 9.426 10.037 10.589 11.108 11.563 11.964 12.314 12.591 12.778 12.888 12.927 12.874 12.753 12.529 12.237 11.885 11.453 10.974 10.448 9.881 9.286 8.666 8.020 7.366 6.711 6.055 5.410 4.779 4.162 3.556 2.953 2.365 1.775 1.185 0.591 0.000
 0.000 0.575 1.140 1.702 2.265 2.833 3.406 3.990 4.575 5.166 5.767 6.368 6.973 7.580 8.160 8.734 9.302 9.799 10.268 10.691 11.061 11.375 11.627 11.800 11.902 11.933 11.883 11.760 11.557 11.289 10.957 10.563 10.123 9.632 9.106 8.553 7.978 7.383 6.782 6.179 5.572 4.974 4.392 3.823 3.264 2.714 2.169 1.630 1.087 0.545 0.000
 0.000 0.529 1.053 1.573 2.093 2.614 3.141 3.674 4.216 4.763 5.315 5.868 6.421 6.973 7.509 8.030 8.533 8.999 9.429 9.824 10.153 10.442 10.667 10.820 10.913 10.939 10.892 10.774 10.587 10.341 10.050 9.673 9.266 8.808 8.329 7.823 7.294 6.749 6.197 5.643 5.087 4.540 4.008 3.487 2.976 2.473 1.977 1.492 0.992 0.498 0.000
 0.000 0.487 0.969 1.442 1.916 2.393 2.875 3.362 3.864 4.359 4.863 5.369 5.870 6.378 6.857 7.330 7.781 8.203 8.594 8.954 9.245 9.501 9.700 9.841 9.922 9.942 9.898 9.790 9.621 9.396 9.113 8.780 8.407 7.996 7.561 7.101 6.619 6.122 5.619 5.114 4.609 4.112 3.629 3.156 2.691 2.236 1.786 1.342 0.898 0.453 0.000
 0.000 0.441 0.883 1.312 1.740 2.175 2.613 3.052 3.499 3.956 4.408 4.864 5.327 5.767 6.208 6.639 7.061 7.416 7.768 8.076 8.344 8.569 8.745 8.870 8.941 8.956 8.914 8.816 8.664 8.488 8.205 7.903 7.565 7.196 6.801 6.384 5.950 5.506 5.049 4.593 4.140 3.694 3.258 2.831 2.413 2.003 1.600 1.204 0.803 0.404 0.000
 0.000 0.410 0.791 1.182 1.569 1.960 2.349 2.743 3.141 3.550 3.955 4.360 4.767 5.164 5.558 5.934 6.293 6.637 6.943 7.217 7.453 7.649 7.804 7.914 7.979 7.989 7.946 7.860 7.722 7.539 7.310 7.055 6.739 6.407 6.052 5.678 5.295 4.891 4.487 4.082 3.679 3.282 2.893 2.512 2.140 1.776 1.419 1.066 0.711 0.358 0.000
 0.000 0.352 0.708 1.058 1.400 1.743 2.083 2.430 2.781 3.140 3.500 3.860 4.220 4.569 4.918 5.248 5.557 5.857 6.131 6.373 6.574 6.748 6.882 6.982 7.040 7.044 7.003 6.934 6.809 6.636 6.432 6.195 5.927 5.634 5.319 4.997 4.645 4.293 3.938 3.583 3.228 2.878 2.536 2.203 1.874 1.554 1.244 0.933 0.623 0.317 0.000
 0.000 0.324 0.613 0.915 1.218 1.513 1.813 2.117 2.424 2.736 3.050 3.362 3.672 3.973 4.272 4.558 4.829 5.093 5.341 5.547 5.713 5.872 5.982 6.072 6.107 6.107 6.073 6.002 5.894 5.750 5.573 5.366 5.133 4.878 4.606 4.320 4.018 3.712 3.404 3.096 2.789 2.486 2.189 1.899 1.615 1.341 1.068 0.801 0.535 0.272 0.000
 0.000 0.280 0.531 0.785 1.049 1.296 1.549 1.810 2.095 2.340 2.608 2.876 3.141 3.418 3.643 3.887 4.123 4.344 4.539 4.710 4.858 4.988 5.086 5.152 5.186 5.192 5.172 5.105 5.012 4.888 4.736 4.558 4.358 4.139 3.907 3.662 3.407 3.148 2.885 2.625 2.362 2.104 1.851 1.606 1.368 1.142 0.904 0.680 0.453 0.229 0.000
 0.000 0.225 0.435 0.646 0.865 1.079 1.289 1.510 1.727 1.949 2.172 2.398 2.622 2.827 3.031 3.261 3.436 3.602 3.760 3.901 4.027 4.131 4.215 4.266 4.296 4.295 4.304 4.226 4.151 4.046 3.919 3.796 3.603 3.439 3.227 3.022 2.812 2.598 2.381 2.163 1.947 1.734 1.523 1.321 1.124 0.933 0.742 0.561 0.373 0.189 0.000
 0.000 0.184 0.349 0.515 0.695 0.868 1.036 1.218 1.389 1.564 1.739 1.916 2.093 2.255 2.422 2.581 2.730 2.867 2.995 3.111 3.223 3.292 3.355 3.403 3.441 3.424 3.411 3.363 3.305 3.221 3.120 3.006 2.866 2.719 2.566 2.401 2.232 2.075 1.888 1.715 1.544 1.375 1.209 1.048 0.889 0.735 0.586 0.444 0.293 0.147 0.000
 0.000 0.162 0.273 0.387 0.513 0.644 0.773 0.911 1.048 1.212 1.313 1.440 1.570 1.699 1.818 1.932 2.040 2.144 2.242 2.329 2.405 2.461 2.510 2.547 2.567 2.556 2.543 2.511 2.468 2.405 2.329 2.241 2.141 2.031 1.917 1.791 1.663 1.535 1.405 1.276 1.149 1.022 0.899 0.778 0.660 0.545 0.433 0.324 0.214 0.107 0.000
 0.000 0.099 0.178 0.257 0.340 0.427 0.514 0.604 0.696 0.789 0.881 0.966 1.053 1.147 1.220 1.295 1.359 1.428 1.499 1.563 1.610 1.642 1.673 1.701 1.711 1.703 1.695 1.675 1.641 1.597 1.546 1.488 1.425 1.350 1.273 1.190 1.106 1.021 0.936 0.848 0.762 0.677 0.595 0.514 0.437 0.362 0.289 0.215 0.143 0.071 0.000
 0.000 0.047 0.090 0.130 0.171 0.213 0.257 0.301 0.347 0.392 0.439 0.482 0.530 0.594 0.623 0.675 0.686 0.718 0.763 0.797 0.809 0.821 0.839 0.861 0.866 0.854 0.849 0.851 0.821 0.796 0.770 0.742 0.710 0.673 0.635 0.595 0.554 0.511 0.469 0.424 0.380 0.337 0.295 0.255 0.217 0.181 0.145 0.109 0.073 0.037 0.000
 0.000 0.000 0.000 0.000 0.000 0.000 0.000 0.000 0.000 0.000 0.000 0.000 0.000 0.000 0.000 0.000 0.000 0.000 0.000 0.000 0.000 0.000 0.000 0.000 0.000 0.000 0.000 0.000 0.000 0.000 0.000 0.000 0.000 0.000 0.000 0.000 0.000 0.000 0.000 0.000 0.000 0.000 0.000 0.000 0.000 0.000 0.000 0.000 0.000 0.000 0.000
