51 51
 100.000 100.000 100.000 100.000 100.000 100.000 100.000 100.000 100.000 100.000 100.000 100.000 100.000 100.000 100.000 100.000 100.000 100.000 100.000 100.000 100.000 100.000 100.000 100.000 100.000 100.000 100.000 100.000 100.000 100.000 100.000 100.000 100.000 100.000 100.000 100.000 100.000 100.000 100.000 100.000 100.000 100.000 100.000 100.000 100.000 100.000 100.000 100.000 100.000 100.000 100.000
 0.000 49.723 69.213 78.238 83.061 85.938 87.797 89.064 89.971 90.632 91.128 91.509 91.807 92.043 92.235 92.391 92.517 92.621 92.713 92.786 92.839 92.891 92.934 92.965 92.984 92.994 92.996 92.991 92.975 92.949 92.911 92.863 92.801 92.720 92.621 92.500 92.348 92.157 91.920 91.620 91.234 90.730 90.062 89.152 87.875 86.008 83.121 78.285 69.249 49.740 0.000
 0.000 29.685 48.905 60.695 68.090 72.921 76.214 78.530 80.216 81.470 82.426 83.160 83.735 84.192 84.568 84.874 85.122 85.334 85.510 85.655 85.765 85.858 85.948 86.010 86.048 86.068 86.074 86.062 86.031 85.978 85.898 85.805 85.682 85.516 85.323 85.089 84.792 84.420 83.960 83.377 82.637 81.651 80.408 78.708 76.370 73.061 68.206 60.788 48.977 29.721 0.000
 0.000 20.126 36.048 47.577 55.727 61.507 65.668 68.716 70.992 72.720 74.041 75.073 75.894 76.547 77.090 77.534 77.896 78.210 78.470 78.685 78.827 79.004 79.121 79.207 79.263 79.297 79.309 79.292 79.245 79.166 79.049 78.909 78.731 78.498 78.210 77.859 77.431 76.898 76.235 75.399 74.358 73.016 71.271 68.974 65.900 61.711 55.897 47.712 36.143 20.150 0.000
 0.000 14.783 27.618 37.890 45.798 51.793 56.333 59.786 62.435 64.486 66.089 67.357 68.382 69.211 69.893 70.458 70.921 71.332 71.669 71.950 72.183 72.372 72.522 72.634 72.716 72.765 72.778 72.753 72.693 72.594 72.445 72.251 72.015 71.691 71.338 70.886 70.349 69.680 68.850 67.817 66.526 64.897 62.816 60.133 56.643 52.065 46.024 38.068 27.741 14.843 0.000
 0.000 11.409 21.796 30.640 37.869 43.641 48.209 51.804 54.639 56.882 58.671 60.109 61.279 62.247 63.049 63.720 64.286 64.771 65.165 65.518 65.804 66.040 66.224 66.357 66.467 66.530 66.544 66.507 66.436 66.319 66.115 65.901 65.611 65.248 64.791 64.243 63.629 62.843 61.879 60.691 59.224 57.405 55.124 52.247 48.605 43.987 38.151 30.861 21.954 11.484 0.000
 0.000 9.082 17.575 25.091 31.507 36.840 41.212 44.741 47.631 49.951 51.838 53.351 54.640 55.720 56.623 57.382 58.027 58.583 59.054 59.452 59.784 60.068 60.290 60.415 60.583 60.653 60.663 60.571 60.533 60.403 60.198 59.915 59.581 59.160 58.648 58.044 57.322 56.446 55.382 54.086 52.509 50.587 48.220 45.296 41.691 37.256 31.845 25.354 17.748 9.166 0.000
 0.000 7.373 14.379 20.735 26.346 31.161 35.214 38.594 41.394 43.703 45.620 47.203 48.553 49.667 50.666 51.494 52.205 52.824 53.354 53.766 54.137 54.506 54.769 54.970 55.110 55.184 55.202 55.160 55.053 54.909 54.675 54.342 53.974 53.486 52.920 52.259 51.476 50.532 49.401 48.042 46.413 44.453 42.086 39.217 35.769 31.638 26.748 21.054 14.580 7.470 0.000
 0.000 6.066 11.894 17.286 22.136 26.401 30.085 33.229 35.893 38.123 40.033 41.645 43.021 44.198 45.172 46.094 46.861 47.536 48.121 48.624 49.047 49.406 49.707 49.935 50.092 50.186 50.209 50.162 50.018 49.869 49.614 49.261 48.843 48.327 47.713 46.987 46.136 45.135 43.963 42.577 40.936 38.987 36.684 33.941 30.712 26.942 22.588 17.631 12.122 6.180 0.000
 0.000 5.035 9.908 14.482 18.662 22.408 25.713 28.581 31.082 33.214 35.055 36.650 38.036 39.233 40.272 41.201 42.015 42.739 43.377 43.931 44.395 44.775 45.133 45.372 45.552 45.664 45.689 45.650 45.518 45.325 44.990 44.652 44.191 43.638 42.981 42.209 41.313 40.277 39.079 37.688 36.069 34.176 31.965 29.385 26.414 23.018 19.167 14.862 10.166 5.165 0.000
 0.000 4.208 8.302 12.182 15.775 19.056 22.003 24.612 26.909 28.907 30.681 32.235 33.602 34.808 35.873 36.826 37.686 38.455 39.093 39.748 40.266 40.701 41.075 41.330 41.546 41.658 41.679 41.626 41.471 41.260 40.933 40.526 40.029 39.439 38.745 37.936 37.006 35.946 34.738 33.363 31.785 29.942 27.876 25.483 22.775 19.733 16.337 12.602 8.580 4.351 0.000
 0.000 3.536 6.989 10.290 13.388 16.248 18.858 21.208 23.307 25.186 26.867 28.368 29.698 30.910 31.981 32.951 33.865 34.686 35.419 36.069 36.629 37.096 37.486 37.813 38.019 38.141 38.162 38.105 37.954 37.704 37.344 36.909 36.370 35.740 35.013 34.172 33.214 32.136 30.929 29.580 28.054 26.320 24.361 22.158 19.703 16.981 13.993 10.750 7.298 3.687 0.000
 0.000 2.988 5.916 8.733 11.404 13.899 16.204 18.310 20.218 21.967 23.560 25.014 26.330 27.531 28.622 29.617 30.557 31.417 32.193 32.880 33.482 33.974 34.426 34.763 34.946 35.107 35.133 35.090 34.930 34.650 34.261 33.795 33.218 32.544 31.781 30.912 29.932 28.842 27.638 26.281 24.834 23.158 21.330 19.333 17.108 14.669 12.043 9.222 6.243 3.151 0.000
 0.000 2.538 5.034 7.447 9.756 11.935 13.966 15.869 17.617 19.239 20.744 22.138 23.428 24.629 25.740 26.760 27.725 28.621 29.435 30.156 30.818 31.381 31.854 32.214 32.458 32.590 32.602 32.569 32.383 32.080 31.667 31.158 30.541 29.831 29.028 28.126 27.121 26.019 24.817 23.513 22.085 20.520 18.810 16.950 14.933 12.755 10.428 7.959 5.376 2.710 0.000
 0.000 2.170 4.309 6.386 8.397 10.312 12.123 13.834 15.439 16.947 18.374 19.705 20.967 22.173 23.233 24.317 25.331 26.269 27.132 27.906 28.607 29.218 29.721 30.106 30.354 30.515 30.563 30.488 30.282 29.955 29.513 28.964 28.309 27.558 26.717 25.781 24.742 23.610 22.444 21.157 19.773 18.254 16.675 14.959 13.120 11.163 9.090 6.917 4.663 2.348 0.000
 0.000 1.871 3.718 5.523 7.286 8.978 10.598 12.154 13.642 15.057 16.420 17.707 18.950 20.139 21.262 22.299 23.358 24.342 25.246 26.067 26.766 27.465 28.002 28.413 28.692 28.865 28.904 28.811 28.585 28.216 27.761 27.174 26.476 25.680 24.803 23.840 22.755 21.668 20.467 19.183 17.844 16.405 14.899 13.305 11.612 9.845 7.990 6.065 4.080 2.052 0.000
 0.000 1.628 3.242 4.830 6.381 7.893 9.358 10.787 12.169 13.487 14.802 16.054 17.287 18.449 19.586 20.718 21.731 22.807 23.747 24.610 25.394 26.088 26.657 27.096 27.400 27.574 27.606 27.491 27.242 26.875 26.370 25.745 25.007 24.176 23.250 22.263 21.191 20.028 18.847 17.583 16.264 14.880 13.443 11.948 10.388 8.769 7.094 5.371 3.606 1.812 0.000
 0.000 1.433 2.861 4.270 5.650 7.016 8.355 9.682 10.987 12.257 13.499 14.711 15.955 17.153 18.276 19.439 20.572 21.628 22.605 23.502 24.325 25.048 25.643 26.103 26.420 26.597 26.629 26.509 26.235 25.841 25.301 24.639 23.866 22.995 22.035 21.003 19.901 18.739 17.526 16.270 14.970 13.615 12.254 10.840 9.385 7.894 6.357 4.808 3.223 1.618 0.000
 0.000 1.279 2.559 3.822 5.075 6.326 7.556 8.808 10.046 11.272 12.485 13.697 14.926 16.149 17.303 18.508 19.649 20.723 21.735 22.658 23.534 24.286 24.906 25.381 25.700 25.885 25.914 25.785 25.500 25.063 24.495 23.797 22.989 22.076 21.078 20.006 18.874 17.690 16.466 15.194 13.901 12.621 11.294 9.945 8.570 7.177 5.777 4.354 2.913 1.461 0.000
 0.000 1.152 2.308 3.466 4.623 5.784 6.948 8.121 9.304 10.492 11.688 12.903 14.121 15.360 16.580 17.768 18.936 20.035 21.102 22.081 22.971 23.742 24.384 24.876 25.216 25.391 25.408 25.265 24.961 24.504 23.901 23.167 22.325 21.373 20.334 19.224 18.065 16.859 15.623 14.366 13.093 11.810 10.521 9.225 7.922 6.611 5.304 3.986 2.661 1.332 0.000
 0.000 1.058 2.119 3.193 4.270 5.359 6.464 7.585 8.723 9.889 11.080 12.299 13.521 14.743 15.966 17.169 18.405 19.572 20.654 21.661 22.570 23.360 24.021 24.528 24.900 25.061 25.069 24.909 24.584 24.102 23.472 22.702 21.821 20.833 19.761 18.621 17.431 16.201 14.956 13.695 12.426 11.156 9.896 8.638 7.391 6.155 4.920 3.689 2.459 1.229 0.000
 0.000 0.988 1.982 2.986 3.999 5.031 6.087 7.169 8.277 9.428 10.603 11.830 13.067 14.313 15.558 16.796 18.027 19.209 20.323 21.352 22.287 23.094 23.773 24.288 24.647 24.825 24.828 24.654 24.311 23.805 23.154 22.349 21.437 20.415 19.313 18.146 16.931 15.686 14.424 13.156 11.889 10.623 9.397 8.178 6.970 5.790 4.615 3.451 2.296 1.147 0.000
 0.000 0.934 1.864 2.825 3.790 4.780 5.798 6.846 7.928 9.073 10.256 11.471 12.678 13.967 15.222 16.493 17.739 18.939 20.078 21.132 22.080 22.901 23.585 24.110 24.469 24.643 24.639 24.456 24.105 23.577 22.902 22.115 21.122 20.077 18.947 17.755 16.520 15.260 13.987 12.714 11.451 10.207 8.991 7.801 6.639 5.493 4.367 3.258 2.166 1.081 0.000
 0.000 0.896 1.812 2.704 3.629 4.585 5.571 6.585 7.646 8.780 9.975 11.182 12.431 13.675 14.970 16.249 17.507 18.721 19.875 20.946 21.906 22.735 23.422 23.950 24.305 24.494 24.467 24.271 23.918 23.367 22.669 21.813 20.847 19.775 18.623 17.413 16.162 14.890 13.611 12.338 11.080 9.851 8.653 7.491 6.372 5.252 4.167 3.107 2.063 1.029 0.000
 0.000 0.861 1.729 2.604 3.503 4.430 5.393 6.405 7.465 8.583 9.738 10.918 12.197 13.463 14.745 16.029 17.293 18.517 19.691 20.758 21.727 22.561 23.249 23.817 24.131 24.292 24.273 24.067 23.710 23.122 22.405 21.546 20.584 19.478 18.311 17.089 15.832 14.553 13.270 12.002 10.755 9.541 8.365 7.222 6.118 5.042 4.000 2.981 1.980 0.987 0.000
 0.000 0.838 1.677 2.529 3.403 4.307 5.250 6.246 7.294 8.392 9.538 10.731 11.973 13.238 14.523 15.809 17.078 18.299 19.459 20.534 21.502 22.330 23.017 23.560 23.884 24.055 24.026 23.811 23.414 22.837 22.109 21.247 20.256 19.157 17.982 16.757 15.497 14.285 12.949 11.713 10.453 9.257 8.104 6.986 5.906 4.862 3.852 2.871 1.908 0.952 0.000
 0.000 0.822 1.640 2.467 3.319 4.203 5.128 6.104 7.134 8.211 9.343 10.525 11.749 13.005 14.284 15.566 16.820 18.044 19.189 20.254 21.218 22.037 22.716 23.228 23.577 23.747 23.715 23.485 23.149 22.491 21.750 20.888 19.892 18.790 17.656 16.401 15.141 13.913 12.625 11.371 10.153 8.975 7.845 6.760 5.720 4.703 3.712 2.770 1.838 0.917 0.000
 0.000 0.805 1.605 2.410 3.264 4.101 5.025 5.959 6.966 8.026 9.139 10.302 11.506 12.747 14.014 15.301 16.507 17.710 18.843 19.885 20.835 21.636 22.309 22.841 23.184 23.321 23.301 23.052 22.663 22.068 21.292 20.424 19.438 18.351 17.186 15.979 14.747 13.490 12.247 11.022 9.833 8.675 7.569 6.511 5.488 4.507 3.572 2.727 1.770 0.880 0.000
 0.000 0.782 1.562 2.347 3.163 3.996 4.877 5.812 6.792 7.827 8.913 10.049 11.227 12.438 13.673 14.913 16.140 17.326 18.434 19.434 20.377 21.147 21.806 22.276 22.601 22.760 22.701 22.472 22.052 21.459 20.767 19.912 18.941 17.876 16.685 15.494 14.282 13.057 11.841 10.648 9.497 8.359 7.277 6.248 5.261 4.321 3.419 2.551 1.688 0.841 0.000
 0.000 0.759 1.521 2.278 3.064 3.880 4.737 5.641 6.594 7.599 8.654 9.758 10.906 12.084 13.287 14.493 15.667 16.824 17.930 18.864 19.749 20.505 21.175 21.600 21.974 22.031 21.988 21.781 21.348 20.756 20.035 19.192 18.245 17.209 16.098 14.941 13.760 12.572 11.388 10.227 9.102 8.013 6.971 5.993 5.032 4.129 3.264 2.427 1.609 0.802 0.000
 0.000 0.731 1.464 2.201 2.964 3.754 4.597 5.452 6.371 7.341 8.362 9.430 10.540 11.674 12.834 13.987 15.108 16.207 17.260 18.213 19.045 19.819 20.370 20.818 21.092 21.246 21.150 20.924 20.509 19.947 19.303 18.432 17.508 16.504 15.431 14.317 13.176 12.030 10.887 9.768 8.686 7.646 6.646 5.734 4.790 3.928 3.102 2.305 1.528 0.762 0.000
 0.000 0.720 1.404 2.118 2.859 3.614 4.413 5.248 6.125 7.056 8.036 9.060 10.121 11.204 12.303 13.405 14.486 15.539 16.519 17.463 18.240 18.934 19.507 19.924 20.173 20.272 20.232 19.984 19.580 19.041 18.369 17.575 16.688 15.723 14.697 13.626 12.529 11.431 10.339 9.271 8.243 7.254 6.302 5.397 4.536 3.717 2.934 2.181 1.449 0.723 0.000
 0.000 0.668 1.341 2.025 2.729 3.455 4.215 5.017 5.854 6.749 7.677 8.649 9.655 10.683 11.726 12.777 13.789 14.775 15.706 16.570 17.339 17.994 18.537 18.909 19.145 19.246 19.211 18.979 18.568 18.040 17.388 16.630 15.785 14.867 13.911 12.870 11.826 10.783 9.746 8.734 7.764 6.828 5.931 5.079 4.268 3.497 2.761 2.055 1.372 0.687 0.000
 0.000 0.634 1.275 1.928 2.594 3.284 4.009 4.776 5.563 6.405 7.281 8.196 9.142 10.110 11.091 12.070 13.026 13.950 14.824 15.632 16.351 16.956 17.447 17.801 18.026 18.103 18.030 17.805 17.443 16.942 16.328 15.612 14.813 13.945 13.024 12.059 11.081 10.099 9.128 8.179 7.264 6.384 5.545 4.746 3.990 3.265 2.580 1.918 1.279 0.644 0.000
 0.000 0.598 1.203 1.820 2.448 3.107 3.787 4.494 5.238 6.024 6.851 7.711 8.592 9.500 10.420 11.330 12.218 13.075 13.888 14.635 15.301 15.859 16.311 16.637 16.846 16.906 16.817 16.600 16.258 15.792 15.218 14.544 13.792 12.979 12.115 11.218 10.305 9.387 8.483 7.600 6.745 5.923 5.143 4.436 3.694 3.033 2.394 1.779 1.179 0.590 0.000
 0.000 0.560 1.126 1.702 2.294 2.901 3.537 4.202 4.899 5.631 6.402 7.217 8.019 8.855 9.703 10.542 11.365 12.159 12.913 13.592 14.198 14.709 15.123 15.416 15.596 15.671 15.585 15.365 15.059 14.606 14.070 13.442 12.744 11.990 11.187 10.347 9.509 8.660 7.822 7.010 6.217 5.454 4.734 4.057 3.413 2.796 2.206 1.637 1.085 0.542 0.000
 0.000 0.522 1.048 1.588 2.154 2.703 3.289 3.906 4.550 5.226 5.932 6.669 7.421 8.191 8.967 9.735 10.489 11.214 11.899 12.522 13.071 13.533 13.905 14.172 14.328 14.371 14.291 14.099 13.799 13.397 12.904 12.324 11.683 10.980 10.252 9.485 8.684 7.941 7.165 6.419 5.695 4.998 4.337 3.714 3.123 2.558 2.018 1.499 0.994 0.496 0.000
 0.000 0.484 0.972 1.467 1.976 2.496 3.038 3.604 4.196 4.815 5.459 6.128 6.816 7.517 8.221 8.920 9.601 10.258 10.874 11.437 11.931 12.349 12.682 12.921 13.058 13.089 13.014 12.833 12.556 12.189 11.743 11.203 10.623 9.976 9.316 8.619 7.911 7.203 6.509 5.855 5.171 4.537 3.936 3.370 2.834 2.321 1.832 1.362 0.904 0.451 0.000
 0.000 0.447 0.897 1.351 1.815 2.295 2.788 3.307 3.843 4.404 4.994 5.592 6.214 6.848 7.479 8.105 8.719 9.305 9.857 10.365 10.802 11.178 11.473 11.681 11.806 11.825 11.757 11.587 11.331 10.998 10.592 10.117 9.583 9.004 8.393 7.763 7.125 6.487 5.858 5.245 4.650 4.079 3.541 3.029 2.546 2.087 1.647 1.225 0.814 0.409 0.000
 0.000 0.411 0.821 1.235 1.657 2.101 2.538 3.004 3.496 3.995 4.519 5.063 5.621 6.190 6.751 7.307 7.852 8.369 8.856 9.301 9.691 10.023 10.280 10.466 10.575 10.589 10.521 10.387 10.139 9.839 9.472 9.043 8.548 8.044 7.494 6.934 6.356 5.786 5.222 4.672 4.143 3.635 3.160 2.699 2.266 1.858 1.467 1.091 0.728 0.376 0.000
 0.000 0.377 0.747 1.122 1.521 1.888 2.289 2.704 3.139 3.588 4.056 4.520 5.038 5.546 6.041 6.526 7.001 7.455 7.885 8.273 8.618 8.918 9.138 9.298 9.393 9.401 9.350 9.212 8.988 8.731 8.402 8.008 7.581 7.124 6.629 6.125 5.616 5.109 4.609 4.122 3.654 3.206 2.784 2.378 1.995 1.640 1.294 0.964 0.642 0.324 0.000
 0.000 0.336 0.671 1.011 1.345 1.690 2.045 2.413 2.797 3.195 3.606 4.031 4.470 4.917 5.349 5.769 6.178 6.577 6.961 7.288 7.587 7.854 8.063 8.189 8.269 8.264 8.196 8.068 7.886 7.657 7.357 7.029 6.637 6.231 5.801 5.366 4.910 4.464 4.026 3.600 3.196 2.801 2.430 2.079 1.745 1.443 1.134 0.844 0.564 0.306 0.000
 0.000 0.298 0.596 0.893 1.190 1.498 1.814 2.138 2.489 2.814 3.169 3.534 3.909 4.289 4.664 5.037 5.391 5.734 6.058 6.348 6.608 6.818 6.986 7.107 7.192 7.173 7.115 6.996 6.838 6.640 6.374 6.078 5.744 5.388 5.018 4.634 4.243 3.857 3.474 3.110 2.763 2.415 2.099 1.802 1.508 1.239 0.979 0.731 0.488 0.245 0.000
 0.000 0.264 0.526 0.784 1.083 1.316 1.597 1.879 2.162 2.447 2.744 3.053 3.369 3.688 4.008 4.334 4.632 4.929 5.207 5.459 5.727 5.847 5.975 6.074 6.129 6.126 6.075 5.980 5.852 5.678 5.459 5.206 4.906 4.596 4.288 3.958 3.618 3.287 2.957 2.642 2.339 2.053 1.785 1.547 1.286 1.056 0.838 0.627 0.419 0.211 0.000
 0.000 0.229 0.458 0.673 0.892 1.129 1.361 1.593 1.836 2.127 2.335 2.594 2.857 3.123 3.398 3.674 3.910 4.153 4.382 4.589 4.768 4.909 5.019 5.115 5.145 5.146 5.099 5.014 4.929 4.743 4.558 4.371 4.125 3.843 3.579 3.302 3.020 2.742 2.468 2.207 1.950 1.713 1.490 1.279 1.080 0.888 0.708 0.534 0.357 0.178 0.000
 0.000 0.194 0.399 0.567 0.752 0.948 1.132 1.320 1.520 1.728 1.943 2.163 2.372 2.584 2.803 3.014 3.214 3.421 3.601 3.771 3.909 4.024 4.112 4.178 4.212 4.214 4.177 4.101 3.999 3.869 3.715 3.539 3.345 3.136 2.916 2.689 2.460 2.232 2.010 1.796 1.589 1.396 1.215 1.044 0.882 0.724 0.578 0.440 0.296 0.147 0.000
 0.000 0.156 0.310 0.491 0.607 0.770 0.907 1.055 1.218 1.381 1.555 1.732 1.894 2.064 2.237 2.396 2.566 2.752 2.867 2.986 3.086 3.180 3.254 3.300 3.324 3.325 3.300 3.235 3.149 3.045 2.923 2.787 2.637 2.470 2.293 2.113 1.932 1.754 1.581 1.410 1.248 1.097 0.956 0.824 0.699 0.572 0.458 0.350 0.237 0.122 0.000
 0.000 0.124 0.239 0.350 0.456 0.573 0.682 0.801 0.940 1.054 1.166 1.298 1.417 1.544 1.671 1.793 1.935 2.031 2.125 2.217 2.292 2.369 2.427 2.465 2.480 2.468 2.486 2.399 2.335 2.257 2.165 2.064 1.955 1.832 1.698 1.564 1.430 1.300 1.177 1.045 0.922 0.811 0.709 0.611 0.518 0.427 0.348 0.268 0.205 0.106 0.000
 0.000 0.094 0.180 0.271 0.331 0.401 0.471 0.548 0.635 0.728 0.796 0.872 0.950 1.032 1.113 1.187 1.270 1.343 1.425 1.490 1.524 1.575 1.617 1.667 1.675 1.648 1.621 1.589 1.547 1.495 1.430 1.361 1.290 1.212 1.121 1.034 0.945 0.857 0.774 0.689 0.610 0.544 0.471 0.408 0.344 0.284 0.232 0.177 0.118 0.064 0.000
 0.000 0.049 0.095 0.145 0.197 0.234 0.251 0.285 0.322 0.364 0.399 0.440 0.480 0.522 0.564 0.596 0.633 0.678 0.731 0.743 0.761 0.791 0.806 0.822 0.834 0.828 0.812 0.793 0.774 0.751 0.713 0.675 0.640 0.636 0.561 0.515 0.470 0.426 0.384 0.343 0.305 0.270 0.237 0.206 0.174 0.144 0.136 0.089 0.059 0.031 0.000
 0.000 0.000 0.000 0.000 0.000 0.000 0.000 0.000 0.000 0.000 0.000 0.000 0.000 0.000 0.000 0.000 0.000 0.000 0.000 0.000 0.000 0.000 0.000 0.000 0.000 0.000 0.000 0.000 0.000 0.000 0.000 0.000 0.000 0.000 0.000 0.000 0.000 0.000 0.000 0.000 0.000 0.000 0.000 0.000 0.000 0.000 0.000 0.000 0.000 0.000 0.000
