51 51
 100.000 100.000 100.000 100.000 100.000 100.000 100.000 100.000 100.000 100.000 100.000 100.000 100.000 100.000 100.000 100.000 100.000 100.000 100.000 100.000 100.000 100.000 100.000 100.000 100.000 100.000 100.000 100.000 100.000 100.000 100.000 100.000 100.000 100.000 100.000 100.000 100.000 100.000 100.000 100.000 100.000 100.000 100.000 100.000 100.000 100.000 100.000 100.000 100.000 100.000 100.000
 0.000 49.483 68.798 77.634 82.238 84.900 86.572 87.666 88.403 88.911 89.272 89.532 89.720 89.860 89.967 90.053 90.123 90.181 90.229 90.270 90.304 90.380 90.361 90.381 90.394 90.400 90.401 90.397 90.394 90.385 90.369 90.343 90.312 90.271 90.232 90.180 90.108 90.002 89.866 89.541 89.403 89.052 88.539 87.789 86.682 84.994 82.299 77.661 68.818 49.512 0.000
 0.000 29.260 48.082 59.469 66.453 70.887 73.801 75.770 77.128 78.079 78.755 79.249 79.608 79.880 80.089 80.257 80.396 80.511 80.607 80.689 80.758 80.821 80.876 80.899 80.949 80.964 80.962 80.946 80.937 80.929 80.898 80.850 80.790 80.712 80.580 80.517 80.363 80.167 79.916 79.539 79.058 78.380 77.288 76.020 74.024 71.074 66.596 59.558 48.123 29.267 0.000
 0.000 19.505 34.825 45.756 53.307 58.512 62.118 64.651 66.444 67.723 68.648 69.329 69.834 70.228 70.531 70.773 70.975 71.145 71.288 71.414 71.522 71.612 71.703 71.775 71.826 71.850 71.845 71.808 71.777 71.783 71.740 71.672 71.582 71.470 71.337 71.152 70.902 70.698 70.341 69.818 69.149 68.205 66.885 65.041 62.470 58.808 53.544 45.923 34.928 19.549 0.000
 0.000 13.971 26.016 35.506 42.649 47.910 51.739 54.523 56.548 58.025 59.113 59.934 60.525 61.046 61.427 61.729 61.998 62.226 62.421 62.594 62.738 62.850 62.986 63.097 63.172 63.215 63.192 63.192 63.154 63.129 63.064 62.965 62.841 62.705 62.542 62.332 62.064 61.730 61.221 60.567 59.797 58.692 57.162 55.055 52.215 48.312 42.980 35.763 26.189 14.058 0.000
 0.000 10.437 19.868 27.770 34.084 38.971 42.684 45.473 47.562 49.122 50.295 51.194 51.898 52.461 52.907 53.258 53.594 53.888 54.144 54.365 54.550 54.696 54.862 55.013 55.126 55.186 55.212 55.187 55.138 55.075 54.995 54.862 54.702 54.537 54.333 54.077 53.766 53.325 52.668 52.076 50.967 49.949 48.343 46.146 43.281 39.475 34.492 28.092 20.086 10.539 0.000
 0.000 7.969 15.357 21.798 27.166 31.483 34.885 37.514 39.535 41.089 42.280 43.206 43.956 44.585 45.100 45.525 45.900 46.238 46.545 46.845 47.097 47.319 47.516 47.668 47.803 47.871 47.848 47.885 47.810 47.708 47.622 47.460 47.262 47.056 46.800 46.482 46.153 45.694 45.076 44.385 43.427 42.183 40.550 38.405 35.667 32.148 27.705 22.215 15.637 8.105 0.000
 0.000 6.149 11.941 17.123 21.520 25.261 28.251 30.541 32.474 33.946 35.122 36.042 36.815 37.497 38.064 38.544 38.977 39.366 39.679 40.101 40.436 40.719 40.967 41.156 41.310 41.386 41.424 41.387 41.314 41.206 41.075 40.883 40.661 40.412 40.121 39.766 39.336 38.828 38.218 37.466 36.512 35.289 33.721 31.723 29.211 26.076 22.231 17.623 12.261 6.307 0.000
 0.000 4.753 9.278 13.401 17.016 20.097 22.647 24.732 26.414 27.775 28.876 29.775 30.557 31.251 31.849 32.365 32.881 33.356 33.767 34.235 34.632 34.934 35.225 35.460 35.669 35.749 35.740 35.819 35.732 35.595 35.421 35.187 34.908 34.602 34.256 33.835 33.311 32.752 32.146 31.390 30.448 29.286 27.831 26.023 23.790 21.062 17.794 13.981 9.611 4.910 0.000
 0.000 3.644 7.151 10.403 13.300 15.786 17.964 19.739 21.240 22.416 23.497 24.371 25.156 25.852 26.464 26.999 27.592 28.169 28.729 29.253 29.740 30.159 30.520 30.808 31.023 31.070 31.208 31.179 31.045 30.874 30.661 30.377 30.026 29.655 29.233 28.731 28.217 27.622 26.923 26.165 25.246 24.152 22.825 21.223 19.278 16.950 14.229 11.110 7.621 3.884 0.000
 0.000 2.814 5.527 8.027 10.312 12.336 14.070 15.554 16.892 17.969 18.958 19.806 20.589 21.293 21.948 22.597 23.289 23.950 24.585 25.193 25.751 26.260 26.696 27.049 27.301 27.452 27.536 27.491 27.332 27.117 26.762 26.479 26.053 25.596 25.086 24.457 23.924 23.294 22.560 21.799 20.894 19.855 18.651 17.239 15.562 13.606 11.357 8.822 6.035 3.066 0.000
 0.000 2.147 4.218 6.191 7.991 9.554 11.027 12.191 13.327 14.351 15.218 15.997 16.843 17.554 18.205 18.975 19.793 20.559 21.295 22.006 22.643 23.174 23.787 24.134 24.504 24.648 24.778 24.630 24.565 24.284 23.829 23.405 22.899 22.403 21.728 21.140 20.463 19.775 19.031 18.228 17.331 16.342 15.237 13.906 12.520 10.916 9.067 7.002 4.782 2.422 0.000
 0.000 1.631 3.217 4.731 6.138 7.431 8.563 9.629 10.581 11.464 12.250 13.081 13.865 14.624 15.393 16.245 17.117 17.997 18.874 19.696 20.423 21.067 21.776 22.286 22.649 22.860 22.961 22.896 22.683 22.324 21.863 21.324 20.700 20.007 19.173 18.538 17.774 17.009 16.212 15.377 14.489 13.545 12.529 11.414 10.174 8.799 7.241 5.526 3.764 1.928 0.000
 0.000 1.241 2.455 3.621 4.723 5.754 6.703 7.575 8.420 9.225 10.001 10.734 11.576 12.393 13.283 14.241 15.233 16.243 17.256 18.220 19.104 19.922 20.633 21.222 21.645 21.898 21.985 21.877 21.613 21.166 20.614 19.956 19.194 18.365 17.511 16.649 15.755 14.920 14.010 13.177 12.281 11.363 10.409 9.400 8.322 7.150 5.872 4.496 3.058 1.547 0.000
 0.000 0.955 1.892 2.797 3.661 4.486 5.269 6.018 6.777 7.532 8.297 9.087 9.910 10.795 11.809 12.896 14.029 15.177 16.345 17.464 18.508 19.452 20.261 20.946 21.429 21.711 21.744 21.568 21.283 20.748 20.097 19.306 18.391 17.410 16.374 15.326 14.420 13.453 12.494 11.556 10.632 9.719 8.799 7.863 6.902 5.887 4.811 3.676 2.486 1.255 0.000
 0.000 0.748 1.484 2.200 2.890 3.561 4.228 4.896 5.591 6.312 7.090 7.927 8.833 9.820 10.952 12.146 13.447 14.759 16.079 17.360 18.563 19.648 20.600 21.367 21.906 22.208 22.274 22.077 21.665 21.020 20.237 19.285 18.209 17.074 15.916 14.743 13.613 12.511 11.444 10.430 9.456 8.525 7.621 6.730 5.843 4.942 4.013 3.052 2.059 1.038 0.000
 0.000 0.602 1.196 1.778 2.349 2.918 3.503 4.117 4.775 5.485 6.312 7.217 8.228 9.346 10.570 11.837 13.357 14.861 16.349 17.805 19.170 20.390 21.487 22.352 22.953 23.280 23.327 23.090 22.583 21.819 20.896 19.790 18.556 17.249 15.911 14.567 13.259 12.008 10.813 9.717 8.674 7.706 6.795 5.893 5.078 4.253 3.431 2.597 1.747 0.879 0.000
 0.000 0.503 1.001 1.496 1.988 2.490 3.023 3.615 4.273 5.026 5.890 6.867 7.958 9.235 10.582 12.103 13.732 15.390 17.049 18.694 20.240 21.627 22.832 23.781 24.441 24.790 24.822 24.533 23.970 23.081 21.995 20.717 19.307 17.813 16.287 14.756 13.274 11.871 10.561 9.351 8.232 7.204 6.256 5.376 4.549 3.771 3.019 2.275 1.524 0.766 0.000
 0.000 0.439 0.880 1.329 1.763 2.229 2.748 3.339 4.004 4.815 5.742 6.812 8.040 9.417 10.943 12.618 14.405 16.245 18.094 19.915 21.633 23.178 24.493 25.527 26.240 26.607 26.620 26.281 25.609 24.640 23.389 21.942 20.347 18.653 16.943 15.237 13.585 12.021 10.561 9.229 8.022 6.924 5.932 5.032 4.203 3.503 2.739 2.052 1.368 0.686 0.000
 0.000 0.396 0.819 1.280 1.652 2.096 2.615 3.222 3.939 4.789 5.794 6.967 8.307 9.808 11.506 13.347 15.299 17.319 19.354 21.345 23.219 24.900 26.335 27.457 28.217 28.598 28.592 28.201 27.439 26.359 24.956 23.344 21.566 19.682 17.782 15.895 14.071 12.349 10.747 9.284 7.980 6.805 5.755 4.822 3.987 3.241 2.557 1.905 1.268 0.633 0.000
 0.000 0.385 0.774 1.180 1.585 2.037 2.569 3.217 3.983 4.897 5.985 7.259 8.717 10.362 12.202 14.198 16.312 18.498 20.707 22.860 24.880 26.697 28.250 29.443 30.242 30.634 30.613 30.170 29.311 28.093 26.567 24.803 22.860 20.803 18.716 16.648 14.652 12.775 11.038 9.460 8.050 6.796 5.688 4.717 3.866 3.118 2.441 1.808 1.199 0.597 0.000
 0.000 0.380 0.763 1.156 1.580 2.054 2.614 3.291 4.108 5.088 6.255 7.625 9.196 10.974 12.949 15.088 17.349 19.686 22.053 24.353 26.503 28.440 30.091 31.340 32.174 32.577 32.544 32.045 31.092 29.767 28.110 26.210 24.116 21.902 19.644 17.415 15.261 13.237 11.371 9.688 8.179 6.849 5.682 4.676 3.803 3.044 2.368 1.744 1.151 0.581 0.000
 0.000 0.382 0.767 1.166 1.604 2.101 2.691 3.407 4.273 5.293 6.551 8.009 9.680 11.575 13.670 15.934 18.329 20.804 23.296 25.713 27.973 30.000 31.715 33.022 33.887 34.287 34.216 33.665 32.657 31.274 29.480 27.456 25.216 22.863 20.472 18.112 15.826 13.680 11.695 9.920 8.323 6.927 5.716 4.670 3.771 2.996 2.316 1.698 1.118 0.556 0.000
 0.000 0.388 0.785 1.194 1.650 2.165 2.783 3.535 4.445 5.541 6.844 8.370 10.093 12.106 14.300 16.667 19.168 21.752 24.342 26.852 29.198 31.295 33.057 34.403 35.285 35.676 35.569 34.972 33.907 32.408 30.549 28.421 26.081 23.623 21.125 18.658 16.278 14.046 11.957 10.090 8.432 6.988 5.740 4.666 3.747 2.959 2.273 1.659 1.089 0.541 0.000
 0.000 0.396 0.797 1.232 1.703 2.232 2.874 3.656 4.602 5.739 7.090 8.671 10.486 12.535 14.794 17.233 19.807 22.560 25.118 27.694 30.095 32.236 34.022 35.387 36.275 36.654 36.519 35.888 34.791 33.291 31.292 29.084 26.721 24.133 21.551 19.005 16.547 14.238 12.102 10.185 8.489 7.010 5.737 4.646 3.714 2.918 2.230 1.619 1.059 0.525 0.000
 0.000 0.402 0.809 1.241 1.727 2.281 2.945 3.750 4.721 5.886 7.267 8.882 10.735 12.820 15.118 17.595 20.209 22.894 25.582 28.189 30.615 32.778 34.554 35.915 36.795 37.159 37.001 36.335 35.294 33.600 31.665 29.413 26.959 24.355 21.723 19.134 16.639 14.291 12.134 10.192 8.475 6.979 5.692 4.598 3.665 2.869 2.189 1.578 1.028 0.509 0.000
 0.000 0.403 0.870 1.257 1.745 2.314 2.992 3.809 4.793 5.972 7.361 8.986 10.849 12.943 15.248 17.732 20.356 23.084 25.715 28.324 30.817 32.901 34.630 35.959 36.819 37.165 37.101 36.308 35.143 33.542 31.579 29.321 26.865 24.255 21.622 19.035 16.543 14.197 12.042 10.100 8.384 6.895 5.613 4.522 3.598 2.812 2.156 1.537 0.999 0.498 0.000
 0.000 0.400 0.817 1.284 1.762 2.328 3.010 3.827 4.814 5.990 7.368 8.976 10.820 12.892 15.171 17.627 20.220 22.885 25.511 28.082 30.510 32.492 34.189 35.493 36.330 36.661 36.479 35.794 34.636 33.046 31.091 28.869 26.455 23.857 21.251 18.708 16.257 13.941 11.816 9.903 8.212 6.747 5.486 4.416 3.512 2.748 2.085 1.503 0.974 0.496 0.000
 0.000 0.396 0.805 1.253 1.753 2.325 2.995 3.800 4.768 5.920 7.275 8.852 10.647 12.663 14.887 17.287 19.796 22.365 24.908 27.386 29.677 31.657 33.289 34.540 35.341 35.656 35.473 34.802 33.674 32.122 30.205 28.037 25.677 23.189 20.603 18.122 15.739 13.496 11.437 9.585 7.948 6.528 5.309 4.275 3.403 2.665 2.025 1.481 0.947 0.478 0.000
 0.000 0.390 0.802 1.240 1.768 2.334 2.960 3.737 4.672 5.784 7.103 8.623 10.342 12.269 14.402 16.707 19.111 21.551 23.977 26.315 28.479 30.378 31.970 33.169 33.905 34.192 34.007 33.361 32.284 30.793 28.932 26.835 24.550 22.132 19.702 17.326 15.043 12.905 10.940 9.168 7.603 6.245 5.082 4.096 3.309 2.551 1.938 1.471 0.915 0.470 0.000
 0.000 0.389 0.818 1.215 1.698 2.258 2.906 3.647 4.531 5.598 6.877 8.299 9.915 11.724 13.728 15.901 18.200 20.474 22.751 24.942 26.965 28.770 30.326 31.463 32.098 32.336 32.143 31.520 30.497 29.081 27.309 25.315 23.143 20.881 18.588 16.358 14.189 12.179 10.330 8.655 7.179 5.904 4.808 3.886 3.092 2.414 1.830 1.321 0.857 0.433 0.000
 0.000 0.371 0.764 1.170 1.632 2.162 2.782 3.511 4.351 5.363 6.515 7.848 9.367 11.048 12.908 14.919 17.024 19.156 21.286 23.322 25.184 26.932 28.252 29.303 29.928 30.161 29.958 29.347 28.362 27.027 25.389 23.541 21.526 19.427 17.295 15.215 13.142 11.323 9.609 8.106 6.693 5.518 4.502 3.661 2.925 2.264 1.717 1.242 0.808 0.403 0.000
 0.000 0.363 0.740 1.129 1.562 2.058 2.634 3.319 4.114 5.024 6.087 7.325 8.728 10.272 11.980 13.825 15.732 17.681 19.626 21.508 23.210 24.768 26.007 26.954 27.532 27.764 27.535 26.943 26.009 24.771 23.279 21.589 19.736 17.810 15.855 13.937 12.097 10.388 8.820 7.403 6.155 5.080 4.144 3.374 2.683 2.098 1.609 1.181 0.766 0.382 0.000
 0.000 0.359 0.731 1.092 1.490 1.949 2.421 3.106 3.911 4.664 5.634 6.759 8.022 9.427 10.977 12.653 14.355 16.110 17.861 19.570 21.079 22.438 23.568 24.427 24.921 25.089 24.908 24.377 23.523 22.397 21.047 19.504 17.828 16.087 14.326 12.595 10.937 9.396 7.980 6.709 5.587 4.728 3.796 3.162 2.481 1.939 1.504 1.125 0.721 0.358 0.000
 0.000 0.344 0.697 1.042 1.413 1.837 2.327 2.887 3.544 4.294 5.169 6.183 7.300 8.557 9.946 11.452 12.931 14.480 16.046 17.557 18.898 20.088 21.090 21.858 22.263 22.384 22.218 21.739 21.004 19.962 18.748 17.372 15.876 14.422 12.802 11.249 9.748 8.454 7.122 6.001 5.012 4.178 3.422 2.808 2.243 1.762 1.350 0.999 0.650 0.328 0.000
 0.000 0.338 0.662 0.985 1.333 1.738 2.201 2.677 3.258 3.928 4.705 5.585 6.577 7.767 8.899 10.183 11.493 12.860 14.240 15.512 16.695 17.738 18.598 19.243 19.607 19.714 19.562 19.128 18.446 17.596 16.508 15.274 13.939 12.563 11.264 9.858 8.605 7.352 6.246 5.264 4.407 3.704 3.040 2.498 2.019 1.605 1.221 0.901 0.591 0.296 0.000
 0.000 0.364 0.635 0.925 1.260 1.648 2.012 2.453 2.975 3.570 4.340 5.016 5.871 6.822 7.859 8.955 10.104 11.305 12.446 13.547 14.570 15.461 16.196 16.736 17.053 17.138 16.980 16.606 16.004 15.212 14.268 13.268 12.058 10.900 9.652 8.489 7.378 6.344 5.391 4.544 3.806 3.185 2.651 2.268 1.776 1.428 1.087 0.801 0.538 0.270 0.000
 0.000 0.425 0.621 0.883 1.185 1.502 1.842 2.238 2.689 3.200 3.795 4.458 5.196 5.997 6.876 7.853 8.781 9.788 10.773 11.713 12.571 13.311 13.933 14.384 14.646 14.698 14.508 14.217 13.696 12.998 12.175 11.258 10.292 9.256 8.196 7.212 6.268 5.394 4.587 3.863 3.241 2.709 2.262 1.869 1.521 1.224 0.953 0.717 0.515 0.253 0.000
 0.000 0.289 0.559 0.821 1.101 1.387 1.698 2.038 2.424 2.860 3.369 3.928 4.549 5.222 5.956 6.738 7.562 8.404 9.234 10.016 10.731 11.350 11.855 12.221 12.431 12.471 12.328 12.035 11.571 10.922 10.255 9.464 8.621 7.765 6.884 6.045 5.246 4.506 3.848 3.249 2.733 2.283 1.911 1.593 1.303 1.055 0.836 0.632 0.481 0.263 0.000
 0.000 0.262 0.517 0.770 1.028 1.291 1.566 1.855 2.183 2.557 3.005 3.447 3.955 4.514 5.122 5.771 6.451 7.143 7.825 8.468 9.056 9.568 9.979 10.269 10.437 10.457 10.331 10.065 9.670 9.156 8.545 7.870 7.180 6.437 5.711 5.011 4.351 3.740 3.192 2.705 2.270 1.896 1.610 1.367 1.122 0.946 0.726 0.544 0.372 0.194 0.000
 0.000 0.244 0.481 0.725 0.957 1.187 1.422 1.716 1.954 2.303 2.609 2.988 3.449 3.870 4.368 4.900 5.455 6.020 6.565 7.086 7.561 7.971 8.296 8.533 8.670 8.674 8.555 8.321 7.983 7.551 7.046 6.479 5.882 5.302 4.710 4.113 3.584 3.079 2.633 2.226 1.866 1.547 1.333 1.143 0.954 0.792 0.626 0.467 0.318 0.164 0.000
 0.000 0.226 0.447 0.686 0.889 1.091 1.272 1.490 1.729 1.988 2.266 2.577 2.921 3.292 3.695 4.124 4.574 5.035 5.453 5.874 6.251 6.575 6.831 7.015 7.111 7.106 7.002 6.802 6.514 6.154 5.746 5.288 4.791 4.288 3.799 3.337 2.936 2.512 2.158 1.831 1.550 1.308 1.125 0.967 0.815 0.695 0.566 0.480 0.296 0.145 0.000
 0.000 0.206 0.398 0.600 0.769 0.943 1.124 1.323 1.512 1.723 1.950 2.200 2.483 2.777 3.092 3.432 3.790 4.159 4.503 4.824 5.113 5.365 5.564 5.700 5.765 5.755 5.668 5.502 5.263 4.957 4.640 4.272 3.868 3.448 3.063 2.685 2.334 2.021 1.745 1.493 1.277 1.094 0.943 0.813 0.677 0.586 0.476 0.376 0.252 0.129 0.000
 0.000 0.181 0.353 0.519 0.677 0.828 0.978 1.142 1.309 1.482 1.665 1.860 2.094 2.321 2.545 2.813 3.108 3.392 3.662 3.910 4.191 4.327 4.481 4.579 4.620 4.606 4.534 4.400 4.214 3.983 3.727 3.425 3.098 2.769 2.453 2.140 1.862 1.689 1.401 1.212 1.046 0.903 0.782 0.678 0.585 0.495 0.408 0.316 0.220 0.135 0.000
 0.000 0.156 0.306 0.459 0.589 0.718 0.843 0.978 1.116 1.256 1.405 1.554 1.730 1.908 2.100 2.303 2.518 2.725 2.928 3.114 3.273 3.435 3.557 3.629 3.655 3.638 3.581 3.475 3.329 3.151 2.947 2.715 2.454 2.190 1.938 1.700 1.480 1.287 1.122 0.977 0.850 0.741 0.647 0.564 0.489 0.416 0.347 0.269 0.185 0.096 0.000
 0.000 0.141 0.263 0.385 0.502 0.615 0.724 0.826 0.926 0.969 1.141 1.263 1.396 1.531 1.653 1.831 1.994 2.143 2.286 2.423 2.548 2.672 2.764 2.818 2.837 2.822 2.781 2.698 2.583 2.445 2.291 2.120 1.911 1.699 1.503 1.319 1.160 1.013 0.887 0.777 0.683 0.602 0.528 0.460 0.399 0.343 0.294 0.224 0.154 0.079 0.000
 0.000 0.109 0.217 0.320 0.413 0.503 0.590 0.667 0.740 0.818 0.795 0.988 1.092 1.194 1.293 1.398 1.525 1.632 1.724 1.806 1.902 2.007 2.082 2.123 2.139 2.124 2.101 2.037 1.948 1.844 1.726 1.593 1.439 1.283 1.141 1.011 0.886 0.774 0.683 0.606 0.538 0.483 0.420 0.367 0.318 0.261 0.229 0.180 0.117 0.063 0.000
 0.000 0.079 0.169 0.251 0.318 0.384 0.450 0.507 0.557 0.606 0.660 0.734 0.811 0.888 0.949 1.023 1.112 1.153 1.233 1.315 1.380 1.444 1.492 1.518 1.530 1.526 1.508 1.459 1.395 1.322 1.239 1.142 1.035 0.928 0.828 0.734 0.642 0.560 0.501 0.451 0.403 0.360 0.317 0.276 0.238 0.204 0.172 0.136 0.094 0.048 0.000
 0.000 0.040 0.110 0.168 0.214 0.259 0.302 0.341 0.376 0.408 0.445 0.492 0.548 0.613 0.635 0.676 0.728 0.775 0.818 0.857 0.898 0.935 0.966 0.979 0.985 0.982 0.969 0.939 0.899 0.852 0.799 0.738 0.672 0.606 0.542 0.482 0.424 0.371 0.337 0.306 0.273 0.247 0.214 0.185 0.159 0.136 0.115 0.092 0.065 0.034 0.000
 0.000 0.015 0.054 0.084 0.108 0.130 0.151 0.171 0.190 0.207 0.225 0.247 0.272 0.301 0.314 0.336 0.360 0.382 0.403 0.422 0.442 0.458 0.472 0.479 0.482 0.481 0.473 0.459 0.440 0.417 0.392 0.362 0.331 0.299 0.268 0.239 0.211 0.186 0.168 0.152 0.136 0.123 0.107 0.093 0.080 0.068 0.058 0.047 0.034 0.018 0.000
 0.000 0.000 0.000 0.000 0.000 0.000 0.000 0.000 0.000 0.000 0.000 0.000 0.000 0.000 0.000 0.000 0.000 0.000 0.000 0.000 0.000 0.000 0.000 0.000 0.000 0.000 0.000 0.000 0.000 0.000 0.000 0.000 0.000 0.000 0.000 0.000 0.000 0.000 0.000 0.000 0.000 0.000 0.000 0.000 0.000 0.000 0.000 0.000 0.000 0.000 0.000
