51 51
 100.000 100.000 100.000 100.000 100.000 100.000 100.000 100.000 100.000 100.000 100.000 100.000 100.000 100.000 100.000 100.000 100.000 100.000 100.000 100.000 100.000 100.000 100.000 100.000 100.000 100.000 100.000 100.000 100.000 100.000 100.000 100.000 100.000 100.000 100.000 100.000 100.000 100.000 100.000 100.000 100.000 100.000 100.000 100.000 100.000 100.000 100.000 100.000 100.000 100.000 100.000
 0.000 49.830 69.426 78.554 83.478 86.454 88.399 89.749 90.738 91.460 92.020 92.461 92.812 93.094 93.323 93.512 93.668 93.797 93.904 93.992 94.063 94.117 94.159 94.207 94.218 94.220 94.215 94.201 94.177 94.144 94.089 94.023 93.941 93.840 93.716 93.565 93.380 93.154 92.872 92.523 92.083 91.520 90.781 89.794 88.434 86.482 83.523 78.574 69.440 49.837 0.000
 0.000 29.897 49.325 61.316 68.907 73.929 77.394 79.874 81.713 83.105 84.185 85.037 85.718 86.268 86.717 87.087 87.392 87.646 87.858 88.031 88.171 88.280 88.362 88.424 88.465 88.479 88.479 88.447 88.400 88.327 88.226 88.095 87.933 87.734 87.492 87.195 86.836 86.393 85.842 85.162 84.311 83.229 81.822 79.971 77.474 73.996 68.982 61.354 49.355 29.911 0.000
 0.000 20.434 36.662 48.512 56.919 62.971 67.401 70.688 73.186 75.107 76.624 77.830 78.802 79.605 80.246 80.784 81.228 81.604 81.913 82.166 82.369 82.531 82.655 82.746 82.805 82.830 82.822 82.781 82.712 82.607 82.461 82.269 82.027 81.739 81.384 80.952 80.424 79.783 78.993 78.020 76.810 75.287 73.341 70.827 67.519 63.083 57.011 48.555 36.710 20.456 0.000
 0.000 15.179 28.408 39.066 47.340 53.687 58.556 62.322 65.263 67.587 69.440 70.933 72.148 73.149 73.974 74.659 75.230 75.706 76.103 76.434 76.690 76.917 77.083 77.204 77.280 77.313 77.305 77.250 77.160 77.026 76.838 76.592 76.285 75.909 75.448 74.892 74.218 73.402 72.406 71.191 69.691 67.826 65.488 62.528 58.738 53.842 47.470 39.167 28.484 15.216 0.000
 0.000 11.886 22.758 32.061 39.734 45.928 50.890 54.861 58.049 60.620 62.711 64.418 65.824 66.990 67.959 68.768 69.448 70.018 70.493 70.894 71.222 71.484 71.687 71.835 71.929 71.968 71.964 71.904 71.782 71.608 71.399 71.099 70.719 70.272 69.699 69.063 68.273 67.313 66.151 64.744 63.028 60.922 58.334 55.124 51.123 46.126 39.892 32.183 22.836 11.929 0.000
 0.000 9.628 18.663 26.718 33.644 39.464 44.290 48.271 51.546 54.237 56.476 58.327 59.869 61.160 62.243 63.154 63.923 64.579 65.128 65.588 65.964 66.269 66.507 66.681 66.795 66.846 66.840 66.755 66.622 66.447 66.187 65.849 65.423 64.894 64.274 63.528 62.630 61.553 60.266 58.724 56.864 54.616 51.895 48.590 44.575 39.706 33.841 26.883 18.767 9.680 0.000
 0.000 7.980 15.588 22.550 28.720 34.065 38.626 42.488 45.737 48.465 50.760 52.687 54.317 55.694 56.863 57.853 58.699 59.422 60.029 60.544 60.966 61.310 61.578 61.761 61.904 61.968 61.962 61.886 61.736 61.522 61.215 60.856 60.383 59.807 59.118 58.299 57.320 56.158 54.782 53.154 51.215 48.901 46.144 42.861 38.959 34.349 28.951 22.728 15.708 8.040 0.000
 0.000 6.720 13.194 19.226 24.690 29.533 33.762 37.429 40.576 43.264 45.557 47.506 49.184 50.614 51.847 52.898 53.776 54.572 55.224 55.783 56.246 56.629 56.924 57.139 57.282 57.358 57.355 57.271 57.101 56.874 56.553 56.152 55.646 55.029 54.289 53.414 52.378 51.157 49.726 48.050 46.079 43.761 41.041 37.857 34.147 29.859 24.953 19.426 13.329 6.789 0.000
 0.000 5.725 11.280 16.524 21.354 25.714 29.592 33.013 36.009 38.608 40.857 42.798 44.486 45.944 47.211 48.302 49.241 50.060 50.753 51.341 51.844 52.252 52.568 52.800 52.960 53.043 53.042 52.959 52.787 52.531 52.162 51.742 51.221 50.571 49.792 48.882 47.809 46.553 45.096 43.403 41.444 39.166 36.533 33.499 30.017 26.079 21.647 16.747 11.432 5.801 0.000
 0.000 4.918 9.721 14.296 18.551 22.474 26.013 29.178 31.986 34.462 36.635 38.539 40.211 41.671 42.956 44.073 45.044 45.889 46.615 47.235 47.764 48.194 48.532 48.783 48.952 49.038 49.036 48.949 48.773 48.485 48.139 47.675 47.123 46.446 45.631 44.709 43.605 42.350 40.884 39.193 37.280 35.077 32.563 29.705 26.481 22.875 18.889 14.543 9.888 5.005 0.000
 0.000 4.256 8.426 12.443 16.221 19.709 22.933 25.842 28.456 30.792 32.870 34.690 36.330 37.789 39.065 40.210 41.195 42.059 42.809 43.456 44.008 44.460 44.796 45.080 45.250 45.348 45.347 45.256 45.073 44.797 44.423 43.947 43.369 42.675 41.854 40.903 39.787 38.539 37.089 35.438 33.571 31.453 29.075 26.407 23.434 20.150 16.560 12.709 8.614 4.348 0.000
 0.000 3.715 7.363 10.889 14.240 17.378 20.284 22.949 25.372 27.563 29.537 31.311 32.902 34.321 35.591 36.710 37.702 38.585 39.357 40.021 40.567 41.050 41.415 41.696 41.881 41.975 41.975 41.884 41.697 41.410 41.024 40.538 39.948 39.242 38.409 37.441 36.328 35.103 33.680 32.063 30.265 28.265 26.015 23.545 20.812 17.826 14.606 11.172 7.556 3.811 0.000
 0.000 3.257 6.464 9.577 12.557 15.371 18.003 20.441 22.681 24.729 26.597 28.292 29.829 31.212 32.456 33.559 34.562 35.449 36.231 36.910 37.488 37.966 38.337 38.635 38.806 38.916 38.919 38.831 38.641 38.344 37.945 37.448 36.855 36.143 35.309 34.348 33.252 32.025 30.639 29.090 27.367 25.464 23.367 21.066 18.558 15.840 12.946 9.877 6.668 3.360 0.000
 0.000 2.874 5.708 8.469 11.126 13.655 16.041 18.271 20.342 22.254 24.013 25.624 27.100 28.418 29.660 30.735 31.749 32.637 33.424 34.113 34.701 35.195 35.590 35.889 36.089 36.186 36.187 36.094 35.900 35.600 35.198 34.693 34.086 33.366 32.533 31.568 30.501 29.293 27.946 26.456 24.816 23.018 21.053 18.920 16.618 14.150 11.533 8.780 5.919 2.980 0.000
 0.000 2.552 5.070 7.530 9.905 12.176 14.354 16.397 18.311 20.096 21.755 23.288 24.701 25.999 27.186 28.236 29.244 30.132 30.920 31.617 32.211 32.700 33.117 33.437 33.644 33.748 33.749 33.652 33.453 33.148 32.745 32.235 31.619 30.894 30.061 29.109 28.057 26.878 25.574 24.143 22.583 20.884 19.045 17.066 14.949 12.695 10.329 7.854 5.287 2.660 0.000
 0.000 2.277 4.528 6.733 8.864 10.917 12.909 14.784 16.558 18.226 19.788 21.246 22.601 23.858 25.017 26.077 27.047 27.925 28.705 29.417 30.023 30.531 30.947 31.259 31.475 31.583 31.586 31.488 31.286 30.980 30.572 30.058 29.438 28.713 27.882 26.948 25.907 24.756 23.494 22.121 20.634 19.029 17.308 15.468 13.518 11.459 9.305 7.063 4.753 2.390 0.000
 0.000 2.047 4.071 6.058 7.992 9.869 11.673 13.400 15.048 16.610 18.083 19.471 20.772 21.988 23.120 24.165 25.123 25.993 26.769 27.481 28.095 28.613 29.033 29.350 29.566 29.676 29.680 29.582 29.376 29.067 28.654 28.137 27.516 26.794 25.969 25.047 24.022 22.898 21.679 20.360 18.944 17.426 15.810 14.101 12.301 10.399 8.431 6.393 4.300 2.162 0.000
 0.000 1.853 3.679 5.488 7.250 8.963 10.622 12.221 13.755 15.218 16.609 17.935 19.186 20.358 21.469 22.497 23.446 24.313 25.096 25.800 26.411 26.929 27.350 27.671 27.887 27.998 27.998 27.903 27.696 27.383 26.967 26.449 25.828 25.107 24.287 23.379 22.373 21.274 20.095 18.828 17.475 16.035 14.513 12.912 11.238 9.491 7.685 5.824 3.915 1.968 0.000
 0.000 1.686 3.359 5.005 6.620 8.193 9.725 11.212 12.648 14.028 15.354 16.618 17.821 18.962 20.040 21.049 21.985 22.847 23.628 24.325 24.935 25.453 25.878 26.200 26.416 26.530 26.535 26.432 26.220 25.903 25.485 24.966 24.346 23.630 22.822 21.913 20.935 19.867 18.722 17.498 16.204 14.836 13.397 11.896 10.334 8.714 7.047 5.337 3.586 1.802 0.000
 0.000 1.547 3.081 4.595 6.083 7.537 8.962 10.352 11.701 13.006 14.268 15.481 16.643 17.750 18.801 19.792 20.715 21.568 22.345 23.040 23.649 24.167 24.592 24.914 25.130 25.242 25.244 25.137 24.922 24.598 24.179 23.659 23.040 22.328 21.529 20.644 19.679 18.640 17.530 16.330 15.104 13.796 12.433 11.022 9.557 8.046 6.500 4.918 3.301 1.658 0.000
 0.000 1.428 2.844 4.245 5.626 6.981 8.312 9.617 10.892 12.132 13.337 14.503 15.625 16.699 17.726 18.699 19.610 20.453 21.229 21.915 22.521 23.038 23.465 23.781 23.996 24.104 24.102 23.999 23.776 23.453 23.029 22.506 21.889 21.182 20.391 19.521 18.576 17.564 16.487 15.346 14.159 12.895 11.594 10.257 8.883 7.468 6.025 4.550 3.051 1.532 0.000
 0.000 1.327 2.645 3.946 5.235 6.504 7.755 8.988 10.197 11.381 12.536 13.659 14.746 15.793 16.795 17.748 18.643 19.475 20.237 20.923 21.526 22.043 22.466 22.778 22.996 23.115 23.081 22.973 22.755 22.430 22.005 21.483 20.869 20.167 19.400 18.526 17.599 16.609 15.558 14.454 13.301 12.100 10.864 9.597 8.305 6.977 5.621 4.236 2.836 1.423 0.000
 0.000 1.244 2.479 3.694 4.902 6.096 7.274 8.448 9.599 10.732 11.843 12.927 13.980 14.999 15.978 16.910 17.788 18.609 19.361 20.038 20.635 21.145 21.561 21.872 22.080 22.179 22.168 22.070 21.834 21.508 21.082 20.564 19.953 19.259 18.498 17.642 16.729 15.762 14.737 13.673 12.571 11.402 10.221 9.015 7.788 6.536 5.256 3.959 2.650 1.330 0.000
 0.000 1.165 2.324 3.468 4.606 5.739 6.863 7.980 9.076 10.176 11.245 12.285 13.304 14.297 15.251 16.162 17.022 17.832 18.573 19.239 19.827 20.329 20.736 21.043 21.253 21.342 21.329 21.214 20.995 20.668 20.239 19.723 19.117 18.429 17.669 16.840 15.944 14.995 14.017 12.960 11.903 10.781 9.651 8.500 7.333 6.155 4.937 3.714 2.485 1.248 0.000
 0.000 1.096 2.188 3.271 4.349 5.424 6.494 7.558 8.609 9.656 10.690 11.707 12.696 13.659 14.591 15.484 16.330 17.123 17.849 18.504 19.083 19.577 19.972 20.272 20.470 20.562 20.547 20.426 20.203 19.876 19.451 18.939 18.340 17.662 16.912 16.097 15.221 14.295 13.326 12.319 11.278 10.220 9.137 8.035 6.920 5.793 4.647 3.493 2.336 1.172 0.000
 0.000 1.034 2.066 3.092 4.114 5.141 6.164 7.181 8.192 9.199 10.195 11.177 12.138 13.072 13.985 14.858 15.685 16.459 17.171 17.815 18.386 18.870 19.252 19.545 19.733 19.822 19.806 19.681 19.456 19.132 18.709 18.200 17.610 16.940 16.207 15.404 14.548 13.647 12.705 11.731 10.730 9.709 8.668 7.615 6.549 5.473 4.406 3.297 2.203 1.104 0.000
 0.000 0.982 1.962 2.939 3.917 4.887 5.869 6.846 7.818 8.785 9.744 10.690 11.623 12.537 13.422 14.270 15.076 15.830 16.525 17.157 17.720 18.174 18.548 18.831 19.015 19.098 19.079 18.960 18.736 18.413 17.997 17.498 16.921 16.252 15.529 14.749 13.914 13.040 12.124 11.182 10.218 9.235 8.237 7.228 6.208 5.184 4.155 3.121 2.084 1.044 0.000
 0.000 0.937 1.871 2.802 3.738 4.668 5.601 6.539 7.478 8.402 9.327 10.243 11.144 12.027 12.892 13.707 14.490 15.221 15.896 16.506 17.041 17.492 17.866 18.131 18.308 18.384 18.361 18.237 18.015 17.697 17.288 16.795 16.224 15.578 14.874 14.119 13.306 12.457 11.572 10.662 9.735 8.790 7.832 6.873 5.893 4.918 3.940 2.959 1.976 0.990 0.000
 0.000 0.893 1.775 2.673 3.578 4.458 5.354 6.260 7.151 8.038 8.928 9.814 10.681 11.532 12.360 13.157 13.916 14.622 15.274 15.863 16.381 16.816 17.171 17.433 17.601 17.671 17.644 17.520 17.300 16.988 16.585 16.103 15.550 14.914 14.236 13.495 12.720 11.885 11.033 10.158 9.267 8.360 7.442 6.521 5.593 4.666 3.736 2.805 1.873 0.941 0.000
 0.000 0.850 1.701 2.551 3.402 4.255 5.115 5.971 6.831 7.687 8.541 9.386 10.223 11.045 11.842 12.609 13.340 14.020 14.648 15.214 15.708 16.129 16.472 16.729 16.884 16.946 16.917 16.794 16.578 16.267 15.874 15.406 14.864 14.250 13.583 12.870 12.111 11.322 10.504 9.664 8.810 7.941 7.065 6.186 5.305 4.423 3.540 2.656 1.771 0.887 0.000
 0.000 0.811 1.623 2.434 3.248 4.063 4.882 5.700 6.520 7.341 8.156 8.968 9.770 10.556 11.320 12.058 12.756 13.412 14.010 14.548 15.022 15.426 15.754 16.005 16.155 16.199 16.167 16.057 15.830 15.527 15.151 14.694 14.180 13.580 12.943 12.245 11.518 10.761 9.977 9.173 8.355 7.527 6.695 5.860 5.022 4.185 3.348 2.512 1.675 0.839 0.000
 0.000 0.771 1.544 2.318 3.094 3.870 4.647 5.426 6.209 6.994 7.772 8.544 9.309 10.060 10.787 11.489 12.163 12.780 13.351 13.863 14.315 14.711 15.017 15.238 15.375 15.445 15.390 15.269 15.061 14.769 14.402 13.959 13.456 12.890 12.274 11.615 10.919 10.194 9.446 8.680 7.902 7.116 6.327 5.536 4.743 3.951 3.160 2.370 1.581 0.792 0.000
 0.000 0.732 1.465 2.199 2.937 3.675 4.412 5.150 5.892 6.637 7.378 8.111 8.837 9.551 10.240 10.906 11.538 12.129 12.672 13.159 13.599 13.950 14.244 14.454 14.592 14.626 14.588 14.469 14.267 13.986 13.635 13.210 12.726 12.189 11.602 10.974 10.311 9.620 8.910 8.185 7.447 6.704 5.957 5.211 4.464 3.717 2.973 2.230 1.487 0.745 0.000
 0.000 0.693 1.386 2.080 2.775 3.475 4.172 4.870 5.571 6.277 6.973 7.667 8.353 9.026 9.679 10.309 10.903 11.461 11.975 12.435 12.837 13.179 13.450 13.646 13.764 13.803 13.764 13.651 13.453 13.185 12.855 12.446 11.984 11.474 10.917 10.321 9.693 9.041 8.369 7.686 6.991 6.291 5.587 4.885 4.184 3.483 2.785 2.089 1.393 0.697 0.000
 0.000 0.654 1.306 1.960 2.618 3.273 3.929 4.586 5.245 5.904 6.561 7.214 7.859 8.491 9.104 9.695 10.252 10.775 11.257 11.689 12.071 12.392 12.638 12.817 12.924 12.957 12.916 12.802 12.615 12.361 12.045 11.664 11.227 10.745 10.221 9.659 9.067 8.452 7.821 7.180 6.529 5.876 5.217 4.559 3.904 3.249 2.596 1.947 1.299 0.650 0.000
 0.000 0.615 1.225 1.839 2.458 3.068 3.681 4.297 4.914 5.529 6.143 6.754 7.357 7.946 8.519 9.076 9.590 10.077 10.525 10.927 11.280 11.574 11.804 11.971 12.066 12.094 12.054 11.941 11.764 11.523 11.224 10.867 10.457 10.004 9.513 8.987 8.434 7.860 7.270 6.670 6.064 5.454 4.841 4.229 3.620 3.011 2.406 1.805 1.204 0.602 0.000
 0.000 0.575 1.142 1.712 2.286 2.857 3.430 4.004 4.578 5.150 5.719 6.287 6.847 7.393 7.922 8.433 8.915 9.366 9.781 10.154 10.474 10.745 10.957 11.119 11.195 11.217 11.175 11.069 10.902 10.677 10.395 10.061 9.678 9.255 8.797 8.311 7.796 7.263 6.716 6.159 5.597 5.030 4.463 3.899 3.336 2.776 2.218 1.664 1.110 0.555 0.000
 0.000 0.530 1.057 1.585 2.117 2.647 3.178 3.708 4.236 4.763 5.289 5.812 6.327 6.836 7.319 7.788 8.232 8.648 9.032 9.368 9.661 9.909 10.101 10.243 10.316 10.338 10.291 10.190 10.034 9.823 9.561 9.250 8.896 8.503 8.081 7.636 7.157 6.664 6.160 5.648 5.130 4.606 4.085 3.571 3.055 2.541 2.030 1.523 1.016 0.508 0.000
 0.000 0.486 0.971 1.458 1.946 2.432 2.918 3.404 3.889 4.393 4.855 5.334 5.804 6.262 6.709 7.138 7.543 7.925 8.275 8.580 8.843 9.065 9.237 9.359 9.429 9.444 9.402 9.308 9.162 8.968 8.725 8.439 8.123 7.753 7.366 6.955 6.519 6.069 5.608 5.141 4.668 4.193 3.719 3.254 2.777 2.307 1.844 1.381 0.923 0.461 0.000
 0.000 0.442 0.886 1.328 1.773 2.213 2.656 3.097 3.539 3.980 4.419 4.855 5.277 5.692 6.096 6.485 6.850 7.193 7.514 7.791 8.019 8.217 8.373 8.482 8.547 8.553 8.525 8.426 8.291 8.115 7.893 7.631 7.336 7.009 6.656 6.281 5.887 5.480 5.062 4.638 4.211 3.782 3.353 2.927 2.499 2.072 1.660 1.246 0.831 0.415 0.000
 0.000 0.399 0.804 1.200 1.605 1.996 2.392 2.788 3.186 3.582 3.978 4.375 4.748 5.118 5.479 5.826 6.167 6.457 6.739 6.992 7.197 7.375 7.515 7.607 7.659 7.667 7.630 7.548 7.425 7.264 7.064 6.827 6.564 6.269 5.953 5.616 5.262 4.896 4.522 4.134 3.752 3.378 2.995 2.611 2.231 1.854 1.482 1.111 0.740 0.369 0.000
 0.000 0.353 0.711 1.065 1.423 1.780 2.131 2.481 2.833 3.184 3.533 3.879 4.215 4.544 4.862 5.168 5.456 5.725 5.971 6.191 6.377 6.530 6.652 6.735 6.779 6.785 6.751 6.685 6.565 6.420 6.243 6.035 5.801 5.539 5.257 4.958 4.645 4.320 3.987 3.647 3.316 2.980 2.643 2.303 1.967 1.636 1.307 0.979 0.652 0.326 0.000
 0.000 0.311 0.622 0.933 1.244 1.558 1.867 2.175 2.480 2.787 3.091 3.391 3.687 3.972 4.248 4.513 4.763 4.996 5.212 5.403 5.562 5.694 5.799 5.870 5.907 5.909 5.878 5.813 5.715 5.585 5.432 5.254 5.047 4.813 4.570 4.309 4.035 3.753 3.464 3.171 2.880 2.585 2.292 1.997 1.703 1.420 1.135 0.850 0.566 0.283 0.000
 0.000 0.267 0.534 0.799 1.066 1.334 1.600 1.864 2.127 2.398 2.649 2.905 3.157 3.401 3.636 3.861 4.074 4.272 4.453 4.615 4.752 4.864 4.951 5.011 5.041 5.042 5.014 4.960 4.876 4.765 4.644 4.479 4.302 4.105 3.894 3.669 3.435 3.195 2.949 2.695 2.449 2.192 1.947 1.699 1.452 1.209 0.965 0.723 0.481 0.240 0.000
 0.000 0.223 0.466 0.668 0.891 1.113 1.334 1.554 1.773 1.992 2.207 2.421 2.631 2.833 3.027 3.214 3.390 3.552 3.702 3.835 3.949 4.041 4.112 4.160 4.184 4.184 4.161 4.117 4.047 3.955 3.844 3.714 3.566 3.410 3.227 3.039 2.843 2.646 2.444 2.237 2.029 1.819 1.613 1.407 1.204 1.003 0.800 0.598 0.398 0.199 0.000
 0.000 0.182 0.361 0.536 0.714 0.890 1.067 1.244 1.420 1.594 1.767 1.937 2.105 2.266 2.421 2.569 2.709 2.838 2.956 3.061 3.152 3.225 3.281 3.317 3.336 3.336 3.317 3.281 3.226 3.153 3.063 2.958 2.839 2.709 2.567 2.416 2.260 2.103 1.944 1.780 1.614 1.448 1.283 1.120 0.960 0.805 0.640 0.479 0.318 0.158 0.000
 0.000 0.139 0.272 0.405 0.538 0.669 0.801 0.934 1.065 1.197 1.329 1.454 1.578 1.699 1.815 1.925 2.030 2.127 2.215 2.293 2.360 2.416 2.456 2.483 2.496 2.497 2.482 2.454 2.411 2.356 2.289 2.210 2.120 2.021 1.912 1.796 1.686 1.556 1.451 1.329 1.206 1.079 0.957 0.836 0.716 0.599 0.477 0.359 0.238 0.119 0.000
 0.000 0.093 0.183 0.273 0.362 0.449 0.535 0.623 0.711 0.802 0.897 0.974 1.052 1.132 1.210 1.290 1.353 1.417 1.475 1.527 1.573 1.610 1.636 1.653 1.662 1.662 1.652 1.633 1.602 1.565 1.519 1.468 1.408 1.342 1.272 1.199 1.122 1.045 0.966 0.884 0.799 0.714 0.634 0.554 0.471 0.396 0.317 0.237 0.155 0.078 0.000
 0.000 0.046 0.092 0.137 0.182 0.225 0.268 0.312 0.355 0.400 0.447 0.488 0.527 0.566 0.605 0.641 0.676 0.708 0.737 0.763 0.787 0.807 0.819 0.826 0.830 0.830 0.825 0.816 0.800 0.780 0.757 0.731 0.702 0.669 0.635 0.599 0.562 0.532 0.484 0.441 0.399 0.357 0.317 0.277 0.236 0.198 0.157 0.117 0.078 0.039 0.000
 0.000 0.000 0.000 0.000 0.000 0.000 0.000 0.000 0.000 0.000 0.000 0.000 0.000 0.000 0.000 0.000 0.000 0.000 0.000 0.000 0.000 0.000 0.000 0.000 0.000 0.000 0.000 0.000 0.000 0.000 0.000 0.000 0.000 0.000 0.000 0.000 0.000 0.000 0.000 0.000 0.000 0.000 0.000 0.000 0.000 0.000 0.000 0.000 0.000 0.000 0.000
