51 51
 100.000 100.000 100.000 100.000 100.000 100.000 100.000 100.000 100.000 100.000 100.000 100.000 100.000 100.000 100.000 100.000 100.000 100.000 100.000 100.000 100.000 100.000 100.000 100.000 100.000 100.000 100.000 100.000 100.000 100.000 100.000 100.000 100.000 100.000 100.000 100.000 100.000 100.000 100.000 100.000 100.000 100.000 100.000 100.000 100.000 100.000 100.000 100.000 100.000 100.000 100.000
 0.000 49.906 69.577 78.780 83.778 86.824 88.845 90.269 91.316 92.119 92.745 93.243 93.647 93.979 94.253 94.482 94.674 94.833 94.967 95.076 95.167 95.239 95.295 95.334 95.360 95.370 95.366 95.349 95.317 95.259 95.195 95.112 95.005 94.875 94.717 94.527 94.300 94.027 93.690 93.292 92.792 92.165 91.362 90.309 88.880 86.854 83.800 78.795 69.584 49.909 0.000
 0.000 30.046 49.625 61.770 69.512 74.681 78.294 80.923 82.899 84.424 85.628 86.594 87.380 88.029 88.567 89.016 89.394 89.709 89.973 90.192 90.370 90.513 90.623 90.702 90.746 90.771 90.763 90.727 90.658 90.561 90.428 90.259 90.047 89.792 89.482 89.109 88.661 88.127 87.481 86.694 85.725 84.517 82.984 81.001 78.363 74.741 69.559 61.801 49.623 30.054 0.000
 0.000 20.658 37.114 49.169 57.830 64.106 68.744 72.247 74.949 77.073 78.772 80.149 81.275 82.217 82.999 83.652 84.205 84.665 85.050 85.378 85.642 85.852 86.015 86.131 86.198 86.234 86.223 86.169 86.071 85.925 85.729 85.477 85.163 84.791 84.340 83.796 83.145 82.367 81.432 80.301 78.920 77.213 75.077 72.363 68.839 64.196 57.903 49.221 37.145 20.676 0.000
 0.000 15.481 29.015 39.975 48.549 55.186 60.350 64.396 67.604 70.181 72.275 73.993 75.416 76.605 77.601 78.426 79.148 79.745 80.248 80.667 81.011 81.286 81.499 81.651 81.747 81.786 81.772 81.702 81.573 81.384 81.128 80.802 80.402 79.916 79.331 78.633 77.800 76.807 75.619 74.195 72.473 70.370 67.781 64.558 60.494 55.316 48.649 40.042 29.049 15.504 0.000
 0.000 12.262 23.501 33.179 41.225 47.785 53.103 57.416 60.930 63.814 66.197 68.179 69.838 71.234 72.415 73.414 74.262 74.978 75.583 76.088 76.507 76.840 77.101 77.288 77.403 77.450 77.436 77.352 77.182 76.966 76.657 76.265 75.782 75.194 74.491 73.655 72.664 71.489 70.090 68.422 66.446 64.054 61.154 57.622 53.288 47.945 41.353 33.276 23.559 12.293 0.000
 0.000 10.074 19.556 28.051 35.411 41.658 46.900 51.279 54.936 57.999 60.572 62.744 64.580 66.138 67.472 68.607 69.569 70.392 71.089 71.675 72.154 72.547 72.849 73.065 73.197 73.258 73.241 73.141 72.955 72.685 72.339 71.887 71.327 70.641 69.846 68.894 67.766 66.447 64.887 63.048 60.876 58.290 55.204 51.524 47.120 41.847 35.564 28.151 19.629 10.112 0.000
 0.000 8.492 16.610 24.074 30.734 36.571 41.605 45.915 49.593 52.733 55.407 57.706 59.668 61.346 62.799 64.042 65.107 66.016 66.792 67.435 67.968 68.412 68.760 69.004 69.157 69.224 69.204 69.091 68.889 68.585 68.193 67.689 67.056 66.316 65.417 64.376 63.149 61.708 60.031 58.066 55.771 53.075 49.912 46.201 41.860 36.790 30.917 24.206 16.695 8.533 0.000
 0.000 7.290 14.331 20.921 26.931 32.323 37.080 41.239 44.856 47.998 50.718 53.075 55.113 56.881 58.414 59.740 60.884 61.862 62.707 63.416 64.003 64.486 64.857 65.123 65.293 65.367 65.348 65.229 65.005 64.675 64.245 63.698 63.013 62.211 61.231 60.129 58.819 57.293 55.531 53.464 51.122 48.380 45.215 41.558 37.365 32.568 27.137 21.070 14.428 7.336 0.000
 0.000 6.345 12.518 18.370 23.800 28.750 33.201 37.162 40.664 43.753 46.464 48.826 50.909 52.732 54.321 55.711 56.917 57.957 58.847 59.597 60.234 60.753 61.155 61.444 61.627 61.707 61.687 61.563 61.327 60.979 60.516 59.929 59.209 58.351 57.337 56.155 54.765 53.201 51.386 49.301 46.917 44.185 41.054 37.524 33.518 29.018 24.020 18.536 12.630 6.401 0.000
 0.000 5.579 11.044 16.271 21.181 25.721 29.862 33.604 36.961 39.959 42.623 44.982 47.065 48.908 50.523 51.959 53.210 54.294 55.226 56.018 56.685 57.234 57.661 57.971 58.167 58.253 58.234 58.102 57.855 57.489 57.000 56.381 55.630 54.734 53.679 52.447 51.036 49.425 47.588 45.479 43.124 40.436 37.406 34.005 30.212 26.016 21.427 16.460 11.174 5.650 0.000
 0.000 4.954 9.828 14.521 18.972 23.126 26.978 30.494 33.689 36.575 39.168 41.473 43.556 45.399 47.037 48.479 49.763 50.881 51.845 52.658 53.364 53.935 54.370 54.707 54.913 55.001 54.987 54.853 54.597 54.216 53.704 53.059 52.286 51.365 50.282 49.031 47.576 45.965 44.123 42.046 39.713 37.096 34.174 30.933 27.362 23.459 19.241 14.729 9.970 5.025 0.000
 0.000 4.437 8.809 13.046 17.093 20.916 24.482 27.776 30.802 33.563 36.070 38.333 40.368 42.193 43.833 45.279 46.585 47.720 48.705 49.551 50.266 50.855 51.318 51.645 51.872 51.971 51.955 51.816 51.554 51.162 50.632 49.979 49.167 48.244 47.137 45.884 44.429 42.814 40.983 38.939 36.659 34.125 31.325 28.252 24.901 21.274 17.385 13.268 8.962 4.517 0.000
 0.000 4.001 7.950 11.797 15.493 19.002 22.312 25.395 28.253 30.884 33.295 35.491 37.484 39.284 40.905 42.362 43.660 44.804 45.802 46.663 47.390 47.992 48.461 48.815 49.044 49.150 49.133 48.993 48.726 48.328 47.788 47.120 46.314 45.372 44.266 43.003 41.567 39.951 38.145 36.142 33.925 31.484 28.810 25.902 22.763 19.391 15.798 12.031 8.113 4.084 0.000
 0.000 3.631 7.221 10.728 14.115 17.353 20.409 23.308 25.987 28.501 30.813 32.935 34.877 36.640 38.224 39.672 40.977 42.124 43.128 43.999 44.717 45.348 45.839 46.198 46.431 46.539 46.512 46.379 46.102 45.707 45.171 44.497 43.686 42.732 41.628 40.366 38.947 37.354 35.582 33.629 31.482 29.138 26.592 23.845 20.898 17.761 14.443 10.978 7.389 3.716 0.000
 0.000 3.309 6.591 9.805 12.922 15.917 18.773 21.475 24.014 26.385 28.597 30.641 32.527 34.252 35.815 37.247 38.531 39.671 40.680 41.553 42.301 42.922 43.415 43.781 44.021 44.132 44.115 43.972 43.701 43.297 42.758 42.083 41.272 40.319 39.218 37.971 36.568 35.004 33.276 31.380 29.307 27.055 24.634 22.038 19.265 16.338 13.264 10.070 6.771 3.403 0.000
 0.000 3.033 6.046 9.006 11.885 14.664 17.328 19.863 22.261 24.515 26.626 28.590 30.415 32.098 33.637 35.040 36.306 37.437 38.446 39.322 40.051 40.693 41.187 41.557 41.804 41.916 41.904 41.761 41.488 41.086 40.545 39.870 39.064 38.115 37.021 35.791 34.413 32.884 31.198 29.364 27.371 25.218 22.913 20.456 17.853 15.112 12.242 9.284 6.236 3.131 0.000
 0.000 2.797 5.575 8.308 10.981 13.569 16.061 18.444 20.710 22.853 24.871 26.760 28.524 30.158 31.662 33.038 34.287 35.409 36.409 37.283 38.030 38.655 39.153 39.526 39.773 39.879 39.876 39.733 39.460 39.045 38.523 37.852 37.049 36.109 35.030 33.814 32.462 30.972 29.330 27.560 25.623 23.584 21.388 19.059 16.605 14.034 11.358 8.601 5.771 2.893 0.000
 0.000 2.592 5.167 7.705 10.191 12.608 14.946 17.191 19.336 21.376 23.306 25.119 26.825 28.411 29.879 31.227 32.456 33.564 34.553 35.411 36.163 36.789 37.288 37.663 37.912 38.029 38.008 37.866 37.604 37.203 36.672 36.008 35.212 34.281 33.218 32.028 30.704 29.250 27.662 25.943 24.098 22.127 20.034 17.826 15.507 13.090 10.584 8.006 5.368 2.691 0.000
 0.000 2.411 4.809 7.175 9.499 11.765 13.963 16.084 18.118 20.062 21.903 23.657 25.294 26.839 28.269 29.589 30.786 31.887 32.863 33.722 34.458 35.085 35.582 35.958 36.207 36.325 36.313 36.174 35.906 35.509 34.982 34.324 33.537 32.619 31.576 30.408 29.111 27.695 26.155 24.494 22.718 20.829 18.832 16.733 14.534 12.257 9.902 7.483 5.014 2.514 0.000
 0.000 2.252 4.493 6.707 8.889 11.022 13.104 15.103 17.036 18.890 20.661 22.343 23.930 25.423 26.815 28.104 29.288 30.362 31.325 32.174 32.909 33.525 34.020 34.393 34.640 34.759 34.747 34.607 34.347 33.955 33.434 32.785 32.011 31.107 30.082 28.936 27.671 26.291 24.797 23.193 21.482 19.671 17.762 15.763 13.678 11.519 9.296 7.021 4.702 2.357 0.000
 0.000 2.113 4.216 6.299 8.351 10.361 12.325 14.232 16.073 17.845 19.543 21.163 22.698 24.144 25.498 26.756 27.914 28.970 29.918 30.756 31.482 32.091 32.575 32.952 33.199 33.316 33.308 33.173 32.913 32.525 32.011 31.370 30.607 29.721 28.716 27.595 26.358 25.018 23.569 22.019 20.372 18.632 16.806 14.898 12.915 10.868 8.764 6.614 4.429 2.220 0.000
 0.000 1.990 3.970 5.935 7.872 9.773 11.639 13.453 15.211 16.906 18.537 20.098 21.581 22.984 24.300 25.527 26.660 27.694 28.626 29.451 30.166 30.769 31.253 31.619 31.862 31.980 31.973 31.841 31.583 31.200 30.693 30.063 29.313 28.445 27.461 26.365 25.164 23.859 22.454 20.955 19.366 17.693 15.944 14.120 12.231 10.284 8.288 6.251 4.184 2.096 0.000
 0.000 1.881 3.753 5.610 7.452 9.253 11.025 12.753 14.433 16.059 17.627 19.130 20.564 21.924 23.204 24.400 25.506 26.518 27.432 28.242 28.946 29.538 30.016 30.377 30.616 30.733 30.727 30.598 30.344 29.967 29.467 28.848 28.112 27.263 26.301 25.233 24.062 22.794 21.432 19.983 18.449 16.836 15.162 13.417 11.612 9.758 7.859 5.926 3.965 1.987 0.000
 0.000 1.782 3.557 5.319 7.063 8.781 10.468 12.119 13.727 15.287 16.795 18.244 19.631 20.948 22.192 23.356 24.436 25.425 26.320 27.114 27.805 28.387 28.856 29.211 29.447 29.563 29.557 29.430 29.181 28.810 28.319 27.711 26.990 26.159 25.221 24.180 23.041 21.809 20.489 19.087 17.608 16.059 14.447 12.774 11.049 9.279 7.471 5.631 3.768 1.888 0.000
 0.000 1.693 3.379 5.055 6.714 8.351 9.961 11.539 13.080 14.578 16.029 17.427 18.766 20.042 21.250 22.382 23.435 24.400 25.275 26.052 26.728 27.299 27.760 28.108 28.341 28.454 28.448 28.323 28.079 27.714 27.233 26.638 25.935 25.124 24.210 23.194 22.087 20.889 19.610 18.255 16.828 15.340 13.788 12.183 10.532 8.840 7.115 5.362 3.589 1.799 0.000
 0.000 1.611 3.216 4.813 6.393 7.956 9.494 11.005 12.482 13.920 15.316 16.666 17.959 19.194 20.368 21.466 22.489 23.430 24.284 25.043 25.704 26.261 26.713 27.053 27.282 27.391 27.384 27.261 27.020 26.673 26.194 25.612 24.929 24.130 23.241 22.261 21.192 20.027 18.783 17.472 16.095 14.660 13.170 11.632 10.054 8.433 6.784 5.113 3.419 1.713 0.000
 0.000 1.535 3.065 4.589 6.096 7.593 9.058 10.504 11.920 13.302 14.646 15.947 17.201 18.389 19.523 20.592 21.586 22.500 23.333 24.073 24.717 25.261 25.703 26.032 26.261 26.360 26.362 26.231 25.994 25.647 25.191 24.621 23.948 23.176 22.309 21.355 20.317 19.192 17.997 16.727 15.400 14.018 12.588 11.115 9.600 8.049 6.473 4.875 3.261 1.634 0.000
 0.000 1.464 2.922 4.376 5.817 7.242 8.646 10.032 11.390 12.718 14.008 15.258 16.463 17.615 18.710 19.743 20.707 21.596 22.408 23.125 23.752 24.283 24.712 25.035 25.247 25.352 25.341 25.223 24.989 24.651 24.211 23.653 22.998 22.247 21.406 20.481 19.480 18.389 17.231 16.009 14.732 13.404 12.031 10.616 9.166 7.685 6.184 4.653 3.123 1.562 0.000
 0.000 1.397 2.787 4.175 5.548 6.907 8.251 9.576 10.877 12.150 13.390 14.594 15.760 16.862 17.921 18.916 19.847 20.707 21.491 22.192 22.800 23.317 23.736 24.055 24.251 24.347 24.337 24.225 23.992 23.660 23.229 22.694 22.063 21.336 20.525 19.626 18.651 17.602 16.488 15.314 14.085 12.810 11.493 10.139 8.753 7.333 5.894 4.436 2.967 1.487 0.000
 0.000 1.330 2.656 3.977 5.288 6.585 7.869 9.136 10.381 11.601 12.791 13.950 15.062 16.130 17.153 18.103 18.998 19.829 20.590 21.278 21.853 22.366 22.752 23.056 23.251 23.343 23.333 23.239 22.997 22.674 22.254 21.738 21.128 20.427 19.643 18.781 17.838 16.828 15.760 14.633 13.452 12.230 10.977 9.671 8.345 6.990 5.616 4.235 2.828 1.420 0.000
 0.000 1.269 2.536 3.795 5.043 6.275 7.496 8.704 9.896 11.065 12.199 13.304 14.370 15.403 16.378 17.290 18.154 18.956 19.685 20.336 20.896 21.373 21.762 22.059 22.273 22.335 22.322 22.211 21.997 21.685 21.278 20.790 20.191 19.517 18.765 17.936 17.026 16.057 15.031 13.951 12.823 11.655 10.448 9.218 7.944 6.653 5.345 4.027 2.698 1.360 0.000
 0.000 1.204 2.403 3.598 4.781 5.962 7.126 8.278 9.416 10.537 11.613 12.666 13.685 14.662 15.595 16.478 17.308 18.083 18.781 19.421 19.952 20.389 20.760 21.043 21.225 21.309 21.299 21.190 20.988 20.686 20.295 19.814 19.246 18.598 17.873 17.076 16.221 15.286 14.302 13.270 12.194 11.078 9.928 8.747 7.552 6.325 5.085 3.833 2.557 1.284 0.000
 0.000 1.143 2.278 3.411 4.536 5.664 6.758 7.851 8.929 9.987 11.018 12.024 12.998 13.950 14.819 15.660 16.452 17.193 17.851 18.440 18.955 19.406 19.750 20.022 20.190 20.269 20.263 20.157 19.967 19.673 19.300 18.837 18.291 17.669 16.975 16.215 15.391 14.506 13.567 12.585 11.561 10.500 9.407 8.287 7.144 5.981 4.806 3.619 2.420 1.213 0.000
 0.000 1.079 2.154 3.227 4.290 5.344 6.389 7.426 8.456 9.455 10.423 11.381 12.304 13.199 14.043 14.832 15.582 16.285 16.914 17.472 17.963 18.376 18.714 18.966 19.132 19.223 19.205 19.106 18.927 18.638 18.279 17.843 17.321 16.726 16.063 15.338 14.556 13.718 12.826 11.913 10.924 9.918 8.885 7.826 6.750 5.649 4.537 3.415 2.284 1.145 0.000
 0.000 1.017 2.029 3.037 4.039 5.033 6.021 7.006 7.961 8.901 9.825 10.730 11.601 12.453 13.238 13.988 14.697 15.362 15.958 16.485 16.949 17.338 17.655 17.892 18.057 18.122 18.109 18.013 17.838 17.576 17.237 16.824 16.330 15.768 15.138 14.450 13.709 12.917 12.075 11.195 10.282 9.332 8.369 7.359 6.350 5.318 4.274 3.212 2.149 1.077 0.000
 0.000 0.963 1.905 2.852 3.791 4.721 5.656 6.566 7.465 8.350 9.219 10.068 10.889 11.675 12.429 13.134 13.797 14.418 14.980 15.476 15.913 16.281 16.580 16.799 16.946 17.013 17.001 16.910 16.744 16.499 16.178 15.786 15.320 14.809 14.199 13.549 12.850 12.105 11.317 10.486 9.626 8.737 7.825 6.891 5.936 4.977 3.996 3.006 2.015 1.004 0.000
 0.000 0.889 1.775 2.656 3.538 4.409 5.272 6.122 6.963 7.793 8.606 9.396 10.161 10.901 11.608 12.271 12.886 13.470 14.013 14.452 14.859 15.207 15.493 15.691 15.825 15.890 15.876 15.792 15.640 15.413 15.097 14.727 14.291 13.796 13.243 12.635 11.982 11.283 10.543 9.768 8.965 8.138 7.292 6.423 5.526 4.624 3.714 2.795 1.869 0.936 0.000
 0.000 0.828 1.648 2.460 3.273 4.081 4.883 5.675 6.458 7.229 7.987 8.717 9.429 10.107 10.762 11.391 11.958 12.493 12.980 13.412 13.792 14.117 14.374 14.562 14.687 14.753 14.735 14.666 14.504 14.299 14.000 13.668 13.262 12.799 12.268 11.707 11.101 10.449 9.762 9.042 8.298 7.533 6.754 5.939 5.109 4.274 3.433 2.584 1.735 0.865 0.000
 0.000 0.759 1.513 2.263 3.012 3.756 4.495 5.225 5.946 6.654 7.349 8.025 8.678 9.307 9.910 10.483 11.015 11.510 11.958 12.360 12.712 13.011 13.244 13.415 13.525 13.579 13.582 13.490 13.352 13.151 12.887 12.567 12.205 11.775 11.288 10.767 10.206 9.607 8.977 8.318 7.625 6.918 6.195 5.454 4.692 3.924 3.151 2.372 1.588 0.793 0.000
 0.000 0.693 1.379 2.065 2.750 3.429 4.103 4.770 5.433 6.074 6.705 7.321 7.920 8.498 9.046 9.568 10.059 10.520 10.921 11.286 11.607 11.880 12.089 12.255 12.346 12.408 12.386 12.324 12.185 12.004 11.761 11.466 11.123 10.732 10.296 9.818 9.304 8.761 8.179 7.573 6.945 6.300 5.638 4.961 4.274 3.573 2.868 2.160 1.442 0.723 0.000
 0.000 0.624 1.244 1.865 2.486 3.097 3.706 4.308 4.904 5.490 6.056 6.613 7.155 7.680 8.175 8.645 9.090 9.498 9.883 10.198 10.483 10.726 10.918 11.060 11.155 11.197 11.186 11.119 11.002 10.835 10.617 10.351 10.041 9.690 9.297 8.861 8.393 7.898 7.374 6.832 6.261 5.677 5.079 4.467 3.847 3.219 2.584 1.943 1.299 0.652 0.000
 0.000 0.555 1.108 1.661 2.214 2.761 3.304 3.840 4.370 4.892 5.400 5.897 6.380 6.848 7.294 7.712 8.111 8.470 8.804 9.095 9.349 9.564 9.738 9.864 9.949 9.985 9.973 9.913 9.808 9.657 9.461 9.224 8.946 8.632 8.279 7.894 7.478 7.040 6.564 6.078 5.577 5.051 4.516 3.972 3.421 2.863 2.296 1.726 1.153 0.577 0.000
 0.000 0.487 0.973 1.459 1.942 2.423 2.901 3.369 3.834 4.292 4.739 5.178 5.601 6.015 6.398 6.767 7.114 7.433 7.724 7.981 8.206 8.395 8.542 8.655 8.728 8.760 8.749 8.698 8.604 8.470 8.297 8.087 7.843 7.567 7.260 6.920 6.558 6.163 5.751 5.325 4.890 4.422 3.953 3.477 2.996 2.505 2.009 1.510 1.008 0.503 0.000
 0.000 0.419 0.837 1.254 1.669 2.082 2.492 2.896 3.294 3.687 4.074 4.449 4.813 5.162 5.495 5.814 6.112 6.386 6.636 6.857 7.046 7.218 7.341 7.438 7.499 7.525 7.517 7.473 7.391 7.274 7.124 6.943 6.732 6.492 6.226 5.934 5.621 5.284 4.931 4.566 4.183 3.791 3.389 2.980 2.567 2.146 1.722 1.294 0.864 0.432 0.000
 0.000 0.350 0.700 1.048 1.394 1.739 2.081 2.419 2.751 3.079 3.403 3.714 4.018 4.310 4.590 4.855 5.103 5.333 5.541 5.725 5.886 6.022 6.133 6.218 6.264 6.284 6.276 6.239 6.170 6.071 5.945 5.793 5.617 5.415 5.192 4.948 4.685 4.404 4.109 3.803 3.485 3.158 2.824 2.483 2.138 1.788 1.435 1.079 0.723 0.361 0.000
 0.000 0.281 0.561 0.841 1.119 1.387 1.668 1.938 2.205 2.467 2.725 2.975 3.218 3.453 3.678 3.890 4.089 4.272 4.440 4.588 4.716 4.824 4.912 4.977 5.018 5.034 5.027 4.997 4.941 4.862 4.761 4.639 4.497 4.336 4.157 3.961 3.749 3.524 3.288 3.042 2.787 2.526 2.258 1.986 1.710 1.431 1.149 0.864 0.578 0.289 0.000
 0.000 0.211 0.422 0.632 0.840 1.047 1.253 1.456 1.656 1.853 2.046 2.234 2.417 2.593 2.762 2.921 3.070 3.208 3.334 3.445 3.542 3.623 3.688 3.736 3.767 3.779 3.774 3.751 3.709 3.649 3.573 3.482 3.376 3.254 3.119 2.972 2.813 2.644 2.466 2.281 2.090 1.894 1.693 1.489 1.282 1.073 0.862 0.648 0.433 0.217 0.000
 0.000 0.141 0.282 0.422 0.561 0.699 0.836 0.972 1.105 1.237 1.365 1.491 1.613 1.730 1.843 1.949 2.049 2.141 2.224 2.299 2.364 2.418 2.461 2.493 2.513 2.522 2.518 2.502 2.474 2.434 2.384 2.323 2.252 2.171 2.081 1.982 1.876 1.763 1.644 1.521 1.393 1.262 1.129 0.993 0.855 0.715 0.574 0.432 0.289 0.145 0.000
 0.000 0.071 0.141 0.211 0.281 0.350 0.419 0.486 0.553 0.619 0.683 0.746 0.807 0.866 0.922 0.975 1.025 1.071 1.113 1.150 1.183 1.210 1.231 1.247 1.257 1.261 1.259 1.251 1.237 1.218 1.192 1.162 1.126 1.086 1.041 0.991 0.938 0.882 0.822 0.760 0.697 0.631 0.564 0.496 0.427 0.357 0.287 0.216 0.144 0.072 0.000
 0.000 0.000 0.000 0.000 0.000 0.000 0.000 0.000 0.000 0.000 0.000 0.000 0.000 0.000 0.000 0.000 0.000 0.000 0.000 0.000 0.000 0.000 0.000 0.000 0.000 0.000 0.000 0.000 0.000 0.000 0.000 0.000 0.000 0.000 0.000 0.000 0.000 0.000 0.000 0.000 0.000 0.000 0.000 0.000 0.000 0.000 0.000 0.000 0.000 0.000 0.000
