51 51
 100.000 100.000 100.000 100.000 100.000 100.000 100.000 100.000 100.000 100.000 100.000 100.000 100.000 100.000 100.000 100.000 100.000 100.000 100.000 100.000 100.000 100.000 100.000 100.000 100.000 100.000 100.000 100.000 100.000 100.000 100.000 100.000 100.000 100.000 100.000 100.000 100.000 100.000 100.000 100.000 100.000 100.000 100.000 100.000 100.000 100.000 100.000 100.000 100.000 100.000 100.000
 0.000 49.893 69.552 78.743 83.730 86.766 88.779 90.197 91.242 92.039 92.663 93.163 93.570 93.906 94.186 94.422 94.621 94.790 94.932 95.051 95.150 95.229 95.291 95.336 95.364 95.376 95.372 95.351 95.314 95.259 95.186 95.094 94.979 94.841 94.676 94.480 94.245 93.966 93.629 93.221 92.719 92.091 91.290 90.241 88.818 86.800 83.757 78.764 69.566 49.900 0.000
 0.000 30.023 49.577 61.698 69.419 74.569 78.166 80.781 82.748 84.269 85.471 86.440 87.233 87.891 88.441 88.905 89.298 89.631 89.912 90.149 90.344 90.502 90.624 90.713 90.769 90.793 90.785 90.744 90.670 90.562 90.417 90.233 90.007 89.734 89.408 89.020 88.559 88.010 87.352 86.556 85.582 84.374 82.846 80.870 78.244 74.635 69.473 61.740 49.605 30.037 0.000
 0.000 20.625 37.046 49.066 57.697 63.946 68.560 72.044 74.734 76.853 78.552 79.935 81.076 82.027 82.828 83.506 84.082 84.572 84.987 85.336 85.625 85.859 86.040 86.172 86.256 86.291 86.279 86.219 86.109 85.949 85.734 85.463 85.129 84.727 84.248 83.679 83.005 82.206 81.253 80.108 78.719 77.011 74.881 72.178 68.678 64.046 57.779 49.129 37.088 20.646 0.000
 0.000 15.439 28.927 39.846 48.383 54.991 60.123 64.146 67.341 69.911 72.005 73.732 75.171 76.381 77.406 78.278 79.023 79.659 80.199 80.655 81.033 81.340 81.578 81.751 81.861 81.908 81.893 81.814 81.670 81.460 81.180 80.825 80.390 79.867 79.245 78.510 77.643 76.620 75.409 73.964 72.228 70.122 67.537 64.324 60.280 55.126 48.493 39.929 28.984 15.467 0.000
 0.000 12.211 23.398 33.032 41.033 47.556 52.844 57.134 60.635 63.513 65.900 67.895 69.577 71.005 72.224 73.268 74.165 74.933 75.589 76.144 76.606 76.981 77.273 77.486 77.621 77.680 77.661 77.565 77.389 77.132 76.790 76.357 75.828 75.194 74.442 73.558 72.521 71.305 69.876 68.187 66.180 63.779 60.881 57.358 53.041 47.725 41.170 33.137 23.469 12.246 0.000
 0.000 10.018 19.442 27.886 35.201 41.410 46.623 50.982 54.629 57.692 60.275 62.467 64.337 65.941 67.321 68.513 69.543 70.430 71.191 71.836 72.375 72.814 73.157 73.407 73.567 73.636 73.614 73.502 73.297 72.996 72.597 72.093 71.479 70.744 69.877 68.863 67.680 66.303 64.697 62.818 60.613 58.011 54.926 51.251 46.861 41.613 35.367 28.012 19.527 10.061 0.000
 0.000 8.432 16.492 23.905 30.525 36.319 41.325 45.621 49.297 52.445 55.145 57.469 59.476 61.216 62.728 64.043 65.187 66.178 67.031 67.759 68.369 68.866 69.257 69.542 69.724 69.803 69.780 69.653 69.420 69.080 68.628 68.060 67.369 66.546 65.579 64.453 63.148 61.641 59.898 57.881 55.541 52.819 49.645 45.937 41.604 36.558 30.720 24.053 16.592 8.482 0.000
 0.000 7.231 14.216 20.757 26.730 32.083 36.816 40.968 44.593 47.751 50.505 52.908 55.009 56.849 58.463 59.878 61.118 62.198 63.134 63.935 64.608 65.160 65.593 65.911 66.114 66.203 66.178 66.038 65.781 65.405 64.906 64.280 63.521 62.621 61.568 60.348 58.945 57.336 55.492 53.380 50.960 48.182 44.992 41.330 37.137 32.356 26.954 20.927 14.331 7.289 0.000
 0.000 6.293 12.415 18.222 23.615 28.537 32.974 36.938 40.460 43.578 46.337 48.776 50.935 52.845 54.536 56.032 57.350 58.506 59.513 60.379 61.109 61.710 62.183 62.530 62.754 62.852 62.826 62.674 62.395 61.987 61.446 60.769 59.951 58.984 57.858 56.562 55.081 53.395 51.481 49.311 46.851 44.064 40.910 37.347 33.336 28.846 23.867 18.415 12.545 6.358 0.000
 0.000 5.541 10.960 16.150 21.031 25.553 29.694 33.451 36.840 39.886 42.616 45.061 47.248 49.204 50.950 52.507 53.890 55.110 56.178 57.100 57.882 58.526 59.036 59.411 59.652 59.760 59.733 59.571 59.272 58.835 58.258 57.536 56.666 55.642 54.457 53.099 51.558 49.817 47.857 45.656 43.189 40.428 37.343 33.907 30.097 25.898 21.313 16.365 11.105 5.614 0.000
 0.000 4.929 9.767 14.436 18.872 23.031 26.888 30.436 33.680 36.632 39.312 41.739 43.933 45.915 47.700 49.304 50.738 52.011 53.132 54.103 54.930 55.614 56.156 56.556 56.814 56.930 56.903 56.733 56.417 55.954 55.344 54.584 53.670 52.598 51.363 49.957 48.370 46.591 44.605 42.395 39.943 37.229 34.234 30.939 27.332 23.411 19.182 14.673 9.927 5.009 0.000
 0.000 4.423 8.778 13.006 17.055 20.889 24.485 27.830 30.925 33.775 36.391 38.786 40.973 42.965 44.775 46.414 47.888 49.206 50.370 51.385 52.251 52.970 53.542 53.965 54.239 54.363 54.336 54.158 53.827 53.342 52.703 51.909 50.958 49.846 48.571 47.127 45.507 43.704 41.706 39.503 37.081 34.428 31.531 28.380 24.970 21.304 17.394 13.264 8.952 4.510 0.000
 0.000 4.001 7.951 11.804 15.519 19.066 22.424 25.580 28.530 31.276 33.821 36.173 38.342 40.335 42.160 43.823 45.330 46.683 47.885 48.937 49.838 50.588 51.186 51.630 51.919 52.051 52.024 51.839 51.495 50.991 50.328 49.505 48.521 47.377 46.069 44.595 42.953 41.135 39.137 36.951 34.568 31.982 29.186 26.175 22.950 19.516 15.886 12.084 8.140 4.096 0.000
 0.000 3.647 7.256 10.789 14.216 17.511 20.656 23.638 26.451 29.094 31.567 33.873 36.017 38.003 39.835 41.515 43.046 44.429 45.663 46.747 47.679 48.457 49.079 49.542 49.843 49.982 49.957 49.766 49.411 48.890 48.205 47.357 46.347 45.175 43.841 42.345 40.687 38.863 36.871 34.708 32.370 29.854 27.156 24.278 21.221 17.994 14.611 11.090 7.458 3.749 0.000
 0.000 3.349 6.668 9.929 13.107 16.182 19.138 21.963 24.650 27.195 29.596 31.854 33.970 35.944 37.777 39.469 41.019 42.425 43.686 44.797 45.756 46.559 47.202 47.682 47.996 48.141 48.117 47.922 47.556 47.021 46.318 45.449 44.416 43.221 41.867 40.355 38.686 36.862 34.882 32.746 30.454 28.006 25.402 22.645 19.741 16.698 13.528 10.250 6.884 3.458 0.000
 0.000 3.096 6.169 9.197 12.161 15.044 17.833 20.517 23.089 25.544 27.877 30.088 32.173 34.132 35.962 37.661 39.225 40.651 41.934 43.069 44.051 44.875 45.537 46.032 46.357 46.508 46.485 46.286 45.913 45.365 44.647 43.760 42.708 41.495 40.124 38.600 36.926 35.105 33.140 31.033 28.786 26.403 23.887 21.241 18.473 15.591 12.608 9.537 6.398 3.211 0.000
 0.000 2.881 5.744 8.573 11.352 14.069 16.711 19.270 21.738 24.109 26.379 28.543 30.598 32.540 34.364 36.066 37.641 39.081 40.383 41.538 42.540 43.383 44.061 44.569 44.903 45.060 45.038 44.837 44.456 43.899 43.167 42.265 41.198 39.970 38.588 37.056 35.380 33.565 31.616 29.539 27.336 25.015 22.578 20.032 17.385 14.645 11.823 8.931 5.986 3.002 0.000
 0.000 2.697 5.381 8.039 10.659 13.230 15.744 18.191 20.566 22.861 25.071 27.191 29.216 31.140 32.956 34.658 36.239 37.692 39.007 40.178 41.197 42.056 42.748 43.268 43.611 43.773 43.752 43.548 43.162 42.596 41.854 40.940 39.861 38.622 37.231 35.694 34.019 32.213 30.282 28.234 26.074 23.809 21.445 18.989 16.449 13.833 11.151 8.414 5.634 2.824 0.000
 0.000 2.539 5.069 7.579 10.061 12.506 14.906 17.255 19.545 21.771 23.926 26.005 28.000 29.904 31.710 33.409 34.994 36.454 37.781 38.965 39.997 40.869 41.573 42.102 42.452 42.619 42.599 42.394 42.004 41.431 40.681 39.758 38.669 37.423 36.026 34.488 32.816 31.021 29.109 27.090 24.970 22.758 20.461 18.086 15.641 13.134 10.574 7.970 5.332 2.672 0.000
 0.000 2.403 4.800 7.182 9.543 11.877 14.177 16.438 18.652 20.814 22.918 24.956 26.922 28.805 30.599 32.294 33.878 35.343 36.677 37.870 38.913 39.794 40.508 41.045 41.401 41.571 41.553 41.347 40.953 40.376 39.620 38.691 37.596 36.345 34.946 33.409 31.744 29.961 28.069 26.079 23.998 21.835 19.599 17.297 14.937 12.526 10.073 7.586 5.072 2.540 0.000
 0.000 2.285 4.564 6.834 9.090 11.325 13.536 15.717 17.863 19.966 22.022 24.021 25.956 27.819 29.598 31.284 32.865 34.331 35.669 36.868 37.917 38.806 39.526 40.069 40.429 40.602 40.586 40.379 39.984 39.404 38.644 37.711 36.614 35.361 33.963 32.431 30.775 29.007 27.137 25.175 23.132 21.016 18.836 16.601 14.318 11.993 9.635 7.250 4.845 2.426 0.000
 0.000 2.180 4.357 6.528 8.689 10.836 12.967 15.075 17.157 19.205 21.214 23.175 25.080 26.919 28.681 30.356 31.930 33.392 34.730 35.931 36.983 37.876 38.600 39.147 39.511 39.686 39.671 39.465 39.069 38.488 37.727 36.794 35.697 34.446 33.053 31.529 29.885 28.134 26.287 24.355 22.349 20.279 18.152 15.979 13.766 11.519 9.246 6.953 4.644 2.324 0.000
 0.000 2.087 4.171 6.253 8.329 10.396 12.453 14.494 16.515 18.511 20.474 22.396 24.269 26.083 27.825 29.485 31.049 32.504 33.837 35.036 36.088 36.982 37.707 38.256 38.621 38.798 38.784 38.578 38.184 37.604 36.844 35.913 34.820 33.575 32.190 30.678 29.050 27.319 25.497 23.597 21.628 19.602 17.528 15.413 13.265 11.091 8.896 6.685 4.463 2.233 0.000
 0.000 2.001 4.002 6.002 8.000 9.993 11.980 13.958 15.921 17.865 19.783 21.666 23.505 25.290 27.009 28.650 30.199 31.643 32.968 34.160 35.208 36.099 36.823 37.371 37.736 37.914 37.901 37.697 37.305 36.728 35.973 35.048 33.962 32.726 31.354 29.856 28.247 26.540 24.747 22.880 20.950 18.969 16.945 14.887 12.802 10.695 8.573 6.439 4.297 2.150 0.000
 0.000 1.923 3.846 5.769 7.693 9.617 11.538 13.454 15.361 17.253 19.124 20.966 22.769 24.522 26.214 27.832 29.361 30.789 32.101 33.284 34.323 35.208 35.928 36.473 36.837 37.014 37.003 36.801 36.413 35.841 35.092 34.176 33.101 31.879 30.523 29.045 27.459 25.779 24.017 22.186 20.298 18.363 16.390 14.388 12.364 10.323 8.270 6.209 4.142 2.072 0.000
 0.000 1.848 3.697 5.549 7.403 9.259 11.115 12.971 14.821 16.661 18.484 20.282 22.045 23.763 25.424 27.014 28.520 29.927 31.221 32.389 33.416 34.292 35.004 35.544 35.905 36.081 36.070 35.872 35.489 34.924 34.185 33.281 32.220 31.016 29.680 28.227 26.669 25.020 23.294 21.502 19.658 17.771 15.851 13.905 11.941 9.965 7.979 5.988 3.993 1.997 0.000
 0.000 1.776 3.554 5.336 7.121 8.911 10.704 12.499 14.291 16.077 17.850 19.601 21.321 23.000 24.625 26.182 27.659 29.041 30.313 31.461 32.473 33.335 34.037 34.569 34.926 35.100 35.090 34.896 34.519 33.964 33.237 32.348 31.306 30.124 28.813 27.388 25.862 24.249 22.562 20.814 19.017 17.181 15.315 13.428 11.525 9.613 7.694 5.772 3.849 1.924 0.000
 0.000 1.706 3.414 5.126 6.844 8.567 10.297 12.030 13.763 15.493 17.212 18.913 20.586 22.221 23.805 25.325 26.768 28.119 29.364 30.489 31.481 32.326 33.015 33.538 33.888 34.059 34.050 33.860 33.491 32.948 32.237 31.366 30.347 29.190 27.909 26.518 25.028 23.456 21.813 20.112 18.366 16.584 14.775 12.948 11.109 9.261 7.411 5.558 3.705 1.852 0.000
 0.000 1.636 3.274 4.917 6.567 8.224 9.888 11.558 13.230 14.900 16.563 18.209 19.831 21.418 22.957 24.435 25.839 27.155 28.368 29.465 30.432 31.257 31.930 32.441 32.783 32.951 32.943 32.758 32.398 31.869 31.175 30.327 29.334 28.208 26.961 25.607 24.159 22.632 21.037 19.389 17.697 15.972 14.224 12.460 10.686 8.906 7.124 5.342 3.560 1.780 0.000
 0.000 1.565 3.134 4.707 6.288 7.876 9.474 11.078 12.686 14.294 15.896 17.485 19.051 20.585 22.074 23.505 24.866 26.141 27.318 28.383 29.322 30.124 30.777 31.274 31.607 31.771 31.763 31.584 31.235 30.721 30.048 29.225 28.262 27.170 25.962 24.650 23.249 21.771 20.230 18.638 17.005 15.342 13.658 11.960 10.254 8.543 6.832 5.122 3.413 1.706 0.000
 0.000 1.494 2.991 4.493 6.004 7.523 9.051 10.587 12.128 13.671 15.209 16.736 18.243 19.719 21.153 22.532 23.845 25.076 26.212 27.240 28.148 28.923 29.555 30.035 30.357 30.516 30.509 30.336 29.999 29.503 28.853 28.059 27.129 26.075 24.910 23.645 22.295 20.872 19.388 17.856 16.286 14.689 13.073 11.444 9.809 8.171 6.533 4.897 3.263 1.631 0.000
 0.000 1.421 2.846 4.276 5.714 7.161 8.617 10.083 11.554 13.028 14.499 15.960 17.403 18.817 20.192 21.516 22.775 23.958 25.049 26.037 26.910 27.655 28.263 28.725 29.035 29.188 29.182 29.016 28.692 28.215 27.591 26.828 25.935 24.923 23.804 22.591 21.296 19.931 18.509 17.042 15.540 14.012 12.467 10.911 9.350 7.787 6.225 4.665 3.108 1.553 0.000
 0.000 1.347 2.697 4.053 5.417 6.790 8.173 9.565 10.964 12.366 13.767 15.158 16.533 17.881 19.193 20.457 21.659 22.788 23.832 24.776 25.610 26.323 26.904 27.347 27.643 27.790 27.784 27.626 27.317 26.861 26.265 25.535 24.682 23.716 22.647 21.489 20.253 18.951 17.595 16.197 14.766 13.311 11.840 10.360 8.876 7.391 5.907 4.427 2.949 1.474 0.000
 0.000 1.271 2.545 3.825 5.113 6.411 7.718 9.034 10.358 11.685 13.011 14.330 15.633 16.913 18.157 19.357 20.499 21.572 22.563 23.461 24.254 24.932 25.485 25.906 26.188 26.328 26.322 26.172 25.878 25.445 24.878 24.185 23.374 22.456 21.442 20.342 19.168 17.933 16.647 15.321 13.965 12.586 11.194 9.793 8.389 6.984 5.581 4.182 2.786 1.392 0.000
 0.000 1.194 2.391 3.593 4.803 6.023 7.252 8.491 9.736 10.986 12.236 13.478 14.707 15.914 17.089 18.221 19.299 20.312 21.249 22.097 22.847 23.487 24.010 24.408 24.675 24.807 24.802 24.660 24.383 23.974 23.438 22.784 22.018 21.151 20.193 19.154 18.047 16.881 15.668 14.418 13.139 11.841 10.529 9.210 7.888 6.566 5.247 3.931 2.619 1.309 0.000
 0.000 1.115 2.233 3.357 4.488 5.628 6.778 7.936 9.102 10.272 11.442 12.606 13.758 14.890 15.991 17.053 18.065 19.016 19.895 20.691 21.395 21.997 22.488 22.862 23.113 23.237 23.233 23.100 22.839 22.455 21.953 21.338 20.619 19.805 18.906 17.932 16.893 15.800 14.663 13.491 12.293 11.076 9.848 8.613 7.376 6.140 4.906 3.675 2.448 1.223 0.000
 0.000 1.036 2.074 3.117 4.168 5.227 6.296 7.373 8.457 9.545 10.634 11.718 12.790 13.844 14.870 15.859 16.803 17.689 18.509 19.251 19.908 20.469 20.927 21.276 21.510 21.626 21.622 21.498 21.256 20.897 20.429 19.856 19.186 18.427 17.589 16.681 15.713 14.695 13.636 12.544 11.429 10.297 9.154 8.005 6.855 5.705 4.558 3.415 2.274 1.137 0.000
 0.000 0.955 1.913 2.875 3.844 4.822 5.808 6.802 7.803 8.808 9.814 10.816 11.807 12.781 13.730 14.646 15.518 16.339 17.097 17.785 18.392 18.912 19.336 19.659 19.876 19.984 19.980 19.865 19.640 19.309 18.875 18.345 17.725 17.023 16.248 15.408 14.513 13.571 12.592 11.583 10.552 9.506 8.450 7.389 6.327 5.265 4.206 3.151 2.099 1.049 0.000
 0.000 0.874 1.750 2.631 3.518 4.413 5.316 6.227 7.144 8.065 8.987 9.905 10.814 11.708 12.578 13.418 14.218 14.971 15.667 16.298 16.856 17.333 17.723 18.019 18.219 18.317 18.314 18.209 18.003 17.698 17.300 16.814 16.245 15.600 14.889 14.118 13.297 12.433 11.535 10.610 9.665 8.706 7.739 6.766 5.793 4.821 3.851 2.885 1.921 0.960 0.000
 0.000 0.793 1.588 2.387 3.191 4.003 4.823 5.649 6.482 7.318 8.155 8.989 9.815 10.627 11.418 12.181 12.909 13.593 14.226 14.800 15.307 15.741 16.095 16.365 16.546 16.636 16.633 16.538 16.350 16.074 15.712 15.269 14.752 14.166 13.519 12.819 12.073 11.288 10.472 9.631 8.773 7.902 7.023 6.141 5.257 4.375 3.495 2.618 1.743 0.871 0.000
 0.000 0.711 1.425 2.142 2.864 3.593 4.329 5.071 5.819 6.570 7.322 8.072 8.814 9.543 10.254 10.941 11.595 12.210 12.779 13.296 13.752 14.142 14.461 14.703 14.866 14.947 14.945 14.859 14.690 14.441 14.116 13.718 13.253 12.726 12.145 11.515 10.844 10.138 9.405 8.650 7.878 7.096 6.306 5.514 4.720 3.928 3.137 2.350 1.565 0.782 0.000
 0.000 0.630 1.262 1.898 2.538 3.184 3.836 4.494 5.157 5.823 6.490 7.155 7.813 8.461 9.092 9.701 10.281 10.827 11.332 11.791 12.196 12.542 12.825 13.040 13.185 13.257 13.255 13.178 13.029 12.808 12.519 12.166 11.753 11.286 10.770 10.211 9.615 8.989 8.339 7.669 6.984 6.290 5.590 4.887 4.184 3.481 2.781 2.083 1.387 0.693 0.000
 0.000 0.550 1.101 1.655 2.214 2.777 3.346 3.920 4.498 5.080 5.662 6.242 6.817 7.382 7.933 8.464 8.971 9.448 9.889 10.289 10.643 10.946 11.193 11.381 11.507 11.570 11.568 11.502 11.371 11.178 10.926 10.617 10.257 9.849 9.398 8.910 8.390 7.844 7.276 6.691 6.094 5.488 4.877 4.264 3.650 3.037 2.426 1.817 1.210 0.605 0.000
 0.000 0.470 0.941 1.414 1.891 2.373 2.859 3.349 3.844 4.340 4.838 5.334 5.825 6.308 6.779 7.234 7.668 8.075 8.453 8.795 9.097 9.356 9.568 9.729 9.837 9.891 9.889 9.832 9.720 9.555 9.339 9.076 8.767 8.418 8.033 7.616 7.171 6.704 6.218 5.718 5.208 4.690 4.168 3.643 3.119 2.595 2.073 1.552 1.034 0.517 0.000
 0.000 0.390 0.781 1.175 1.571 1.971 2.375 2.782 3.193 3.606 4.020 4.432 4.840 5.242 5.633 6.011 6.372 6.711 7.025 7.309 7.561 7.776 7.952 8.086 8.176 8.220 8.219 8.172 8.079 7.942 7.762 7.543 7.286 6.996 6.676 6.329 5.959 5.571 5.167 4.752 4.327 3.897 3.463 3.027 2.591 2.156 1.722 1.290 0.859 0.429 0.000
 0.000 0.311 0.623 0.937 1.253 1.572 1.895 2.220 2.548 2.877 3.207 3.536 3.862 4.183 4.495 4.797 5.085 5.355 5.606 5.833 6.034 6.205 6.346 6.453 6.525 6.560 6.559 6.521 6.447 6.338 6.195 6.019 5.815 5.583 5.327 5.050 4.755 4.445 4.123 3.791 3.453 3.109 2.763 2.415 2.067 1.720 1.374 1.029 0.685 0.342 0.000
 0.000 0.233 0.466 0.701 0.938 1.177 1.418 1.661 1.906 2.153 2.400 2.646 2.890 3.130 3.364 3.590 3.805 4.008 4.195 4.365 4.516 4.644 4.750 4.830 4.883 4.910 4.909 4.881 4.825 4.743 4.636 4.505 4.352 4.179 3.987 3.780 3.559 3.327 3.086 2.837 2.584 2.327 2.068 1.807 1.547 1.287 1.028 0.770 0.513 0.256 0.000
 0.000 0.155 0.310 0.467 0.624 0.783 0.943 1.105 1.269 1.433 1.597 1.761 1.924 2.083 2.239 2.389 2.533 2.668 2.792 2.906 3.006 3.091 3.161 3.215 3.250 3.268 3.268 3.249 3.212 3.157 3.086 2.999 2.897 2.781 2.654 2.516 2.369 2.214 2.054 1.888 1.720 1.549 1.376 1.203 1.030 0.857 0.684 0.512 0.341 0.170 0.000
 0.000 0.077 0.155 0.233 0.312 0.391 0.471 0.552 0.634 0.716 0.798 0.880 0.961 1.041 1.118 1.193 1.265 1.332 1.395 1.451 1.501 1.544 1.579 1.606 1.624 1.633 1.632 1.623 1.604 1.577 1.541 1.498 1.447 1.389 1.326 1.257 1.183 1.106 1.026 0.943 0.859 0.774 0.687 0.601 0.514 0.428 0.342 0.256 0.170 0.085 0.000
 0.000 0.000 0.000 0.000 0.000 0.000 0.000 0.000 0.000 0.000 0.000 0.000 0.000 0.000 0.000 0.000 0.000 0.000 0.000 0.000 0.000 0.000 0.000 0.000 0.000 0.000 0.000 0.000 0.000 0.000 0.000 0.000 0.000 0.000 0.000 0.000 0.000 0.000 0.000 0.000 0.000 0.000 0.000 0.000 0.000 0.000 0.000 0.000 0.000 0.000 0.000
