51 51
 100.000 100.000 100.000 100.000 100.000 100.000 100.000 100.000 100.000 100.000 100.000 100.000 100.000 100.000 100.000 100.000 100.000 100.000 100.000 100.000 100.000 100.000 100.000 100.000 100.000 100.000 100.000 100.000 100.000 100.000 100.000 100.000 100.000 100.000 100.000 100.000 100.000 100.000 100.000 100.000 100.000 100.000 100.000 100.000 100.000 100.000 100.000 100.000 100.000 100.000 100.000
 0.000 49.771 69.309 78.381 83.250 86.173 88.076 89.384 90.325 91.023 91.554 91.967 92.301 92.548 92.755 92.922 93.068 93.184 93.280 93.360 93.422 93.477 93.518 93.548 93.567 93.578 93.579 93.568 93.547 93.519 93.477 93.420 93.349 93.259 93.147 93.009 92.840 92.631 92.370 92.044 91.633 91.098 90.398 89.445 88.133 86.225 83.293 78.411 69.325 49.780 0.000
 0.000 29.780 49.094 60.976 68.464 73.389 76.775 79.160 80.926 82.250 83.265 84.057 84.686 85.185 85.597 85.934 86.212 86.438 86.620 86.788 86.918 87.022 87.103 87.164 87.203 87.220 87.223 87.205 87.167 87.108 87.021 86.905 86.765 86.587 86.367 86.097 85.763 85.360 84.858 84.220 83.424 82.407 81.077 79.302 76.888 73.495 68.552 61.042 49.136 29.802 0.000
 0.000 20.263 36.323 47.993 56.277 62.188 66.476 69.642 72.025 73.852 75.274 76.394 77.288 78.007 78.602 79.093 79.497 79.824 80.110 80.344 80.538 80.695 80.815 80.907 80.944 80.992 80.993 80.967 80.912 80.823 80.694 80.529 80.319 80.053 79.730 79.330 78.846 78.275 77.565 76.651 75.511 74.090 72.252 69.851 66.665 62.354 56.410 48.094 36.416 20.299 0.000
 0.000 14.961 27.967 38.432 46.516 52.681 57.380 60.985 63.772 65.955 67.692 69.073 70.189 71.102 71.854 72.477 72.995 73.423 73.789 74.091 74.345 74.551 74.692 74.829 74.907 74.943 74.945 74.911 74.842 74.724 74.553 74.345 74.072 73.725 73.284 72.803 72.178 71.458 70.558 69.427 68.013 66.281 64.079 61.265 57.632 52.900 46.695 38.567 28.075 15.012 0.000
 0.000 11.627 22.232 31.295 38.734 44.718 49.472 53.253 56.253 58.661 60.602 62.173 63.458 64.521 65.406 66.147 66.767 67.284 67.727 68.095 68.402 68.652 68.843 68.995 69.092 69.139 69.142 69.095 69.011 68.872 68.672 68.415 68.084 67.671 67.168 66.574 65.850 64.984 63.922 62.619 61.022 59.062 56.632 53.601 49.789 44.991 38.959 31.443 22.352 11.688 0.000
 0.000 9.333 18.077 25.847 32.504 38.078 42.671 46.426 49.479 51.994 54.056 55.732 57.154 58.322 59.310 60.152 60.861 61.460 61.972 62.399 62.755 63.022 63.278 63.452 63.566 63.624 63.630 63.580 63.473 63.310 63.082 62.780 62.396 61.893 61.329 60.673 59.866 58.894 57.720 56.301 54.580 52.493 49.952 46.848 43.046 38.405 32.779 26.055 18.222 9.406 0.000
 0.000 7.654 14.939 21.581 27.464 32.534 36.833 40.443 43.455 45.974 48.078 49.828 51.315 52.559 53.631 54.542 55.287 55.989 56.562 57.041 57.437 57.775 58.041 58.237 58.365 58.429 58.436 58.386 58.263 58.081 57.824 57.481 57.049 56.514 55.870 55.149 54.274 53.227 51.976 50.468 48.695 46.556 43.999 40.936 37.275 32.918 27.785 21.839 15.110 7.740 0.000
 0.000 6.370 12.498 18.197 23.341 27.890 31.834 35.225 38.117 40.578 42.670 44.451 45.969 47.261 48.388 49.351 50.171 50.900 51.526 52.049 52.468 52.863 53.166 53.385 53.494 53.591 53.594 53.520 53.423 53.222 52.935 52.556 52.092 51.520 50.822 50.038 49.109 48.012 46.696 45.193 43.385 41.245 38.744 35.793 32.344 28.326 23.702 18.475 12.690 6.467 0.000
 0.000 5.359 10.554 15.448 19.942 23.973 27.567 30.701 33.424 35.758 37.819 39.588 41.117 42.439 43.595 44.572 45.476 46.235 46.894 47.465 47.942 48.352 48.675 48.920 49.076 49.155 49.164 49.074 48.971 48.750 48.442 48.035 47.536 46.931 46.208 45.379 44.401 43.261 41.940 40.411 38.624 36.542 34.132 31.340 28.133 24.468 20.332 15.749 10.762 5.465 0.000
 0.000 4.544 8.974 13.187 17.108 20.676 23.917 26.789 29.325 31.558 33.520 35.241 36.748 38.067 39.242 40.284 41.201 41.999 42.689 43.298 43.813 44.242 44.577 44.859 45.039 45.136 45.150 45.046 44.926 44.677 44.356 43.926 43.395 42.757 42.013 41.152 40.141 38.988 37.662 36.141 34.387 32.384 30.095 27.486 24.535 21.220 17.542 13.522 9.202 4.661 0.000
 0.000 3.879 7.675 11.313 14.733 17.900 20.776 23.411 25.753 27.850 29.723 31.390 32.860 34.169 35.356 36.410 37.356 38.189 38.906 39.551 40.096 40.554 40.925 41.216 41.376 41.502 41.548 41.470 41.228 41.044 40.692 40.235 39.675 39.003 38.237 37.358 36.334 35.172 33.854 32.354 30.642 28.735 26.582 24.154 21.463 18.479 15.200 11.679 7.919 4.004 0.000
 0.000 3.330 6.599 9.753 12.746 15.532 18.138 20.485 22.677 24.627 26.380 27.998 29.441 30.733 31.912 32.973 33.942 34.802 35.539 36.208 36.789 37.245 37.680 37.994 38.203 38.327 38.349 38.265 38.077 37.808 37.435 36.955 36.368 35.672 34.895 33.994 32.944 31.790 30.491 29.030 27.384 25.567 23.550 21.315 18.853 16.164 13.254 10.144 6.864 3.464 0.000
 0.000 2.874 5.704 8.450 11.079 13.561 15.874 18.037 20.020 21.826 23.502 25.041 26.444 27.724 28.900 29.969 30.948 31.827 32.592 33.240 33.869 34.406 34.821 35.164 35.387 35.517 35.537 35.441 35.259 34.957 34.573 34.074 33.459 32.768 31.966 31.045 30.001 28.841 27.558 26.138 24.566 22.840 20.947 18.871 16.636 14.209 11.609 8.861 5.984 3.016 0.000
 0.000 2.496 4.962 7.365 9.680 11.885 13.965 15.920 17.736 19.403 21.011 22.486 23.833 25.082 26.275 27.354 28.341 29.242 30.050 30.763 31.400 31.939 32.379 32.721 32.952 33.084 33.098 33.009 32.819 32.512 32.102 31.582 30.949 30.239 29.412 28.473 27.428 26.278 25.015 23.634 22.107 20.495 18.720 16.807 14.752 12.559 10.232 7.790 5.251 2.643 0.000
 0.000 2.184 4.342 6.456 8.510 10.456 12.347 14.121 15.815 17.396 18.902 20.313 21.628 22.860 24.025 25.100 26.090 27.013 27.854 28.605 29.228 29.817 30.275 30.628 30.873 31.010 31.026 30.938 30.734 30.415 29.984 29.449 28.806 28.062 27.210 26.251 25.201 24.064 22.827 21.482 20.036 18.488 16.824 15.045 13.160 11.170 9.077 6.897 4.646 2.335 0.000
 0.000 1.929 3.830 5.698 7.537 9.308 11.009 12.640 14.206 15.686 17.109 18.468 19.747 20.951 22.108 23.139 24.175 25.118 25.987 26.762 27.439 28.016 28.493 28.860 29.120 29.260 29.284 29.188 28.972 28.636 28.186 27.634 26.973 26.208 25.343 24.367 23.335 22.200 20.975 19.664 18.270 16.771 15.225 13.573 11.822 10.013 8.117 6.151 4.134 2.077 0.000
 0.000 1.713 3.414 5.089 6.744 8.344 9.899 11.407 12.868 14.274 15.625 16.928 18.167 19.367 20.514 21.586 22.594 23.549 24.430 25.221 25.916 26.483 27.008 27.351 27.642 27.796 27.833 27.728 27.500 27.152 26.685 26.111 25.428 24.642 23.765 22.801 21.753 20.626 19.413 18.130 16.787 15.373 13.891 12.341 10.724 9.042 7.315 5.533 3.713 1.864 0.000
 0.000 1.539 3.076 4.587 6.080 7.544 8.976 10.381 11.754 13.091 14.388 15.639 16.823 18.028 19.185 20.254 21.295 22.260 23.145 23.956 24.671 25.285 25.793 26.187 26.459 26.605 26.627 26.517 26.274 25.914 25.431 24.828 24.135 23.333 22.437 21.470 20.417 19.294 18.099 16.843 15.542 14.184 12.772 11.312 9.799 8.243 6.650 5.020 3.364 1.688 0.000
 0.000 1.394 2.779 4.169 5.537 6.885 8.213 9.532 10.811 12.082 13.359 14.588 15.752 16.912 18.090 19.180 20.223 21.197 22.094 22.920 23.651 24.278 24.763 25.195 25.468 25.619 25.635 25.517 25.296 24.890 24.392 23.781 23.062 22.247 21.342 20.354 19.287 18.180 16.999 15.769 14.498 13.186 11.836 10.454 9.028 7.575 6.096 4.597 3.076 1.542 0.000
 0.000 1.279 2.556 3.822 5.094 6.349 7.593 8.840 10.078 11.302 12.501 13.714 14.898 16.057 17.188 18.280 19.334 20.319 21.234 22.069 22.812 23.451 23.973 24.381 24.659 24.806 24.816 24.689 24.429 24.040 23.529 22.901 22.169 21.341 20.422 19.428 18.364 17.244 16.075 14.866 13.623 12.350 11.049 9.727 8.380 7.017 5.639 4.245 2.837 1.422 0.000
 0.000 1.187 2.367 3.553 4.734 5.910 7.080 8.275 9.462 10.644 11.818 13.000 14.167 15.326 16.453 17.548 18.601 19.589 20.519 21.364 22.117 22.765 23.297 23.724 23.984 24.127 24.130 23.995 23.727 23.324 22.803 22.161 21.412 20.568 19.638 18.637 17.569 16.451 15.295 14.104 12.888 11.648 10.383 9.114 7.845 6.555 5.251 3.949 2.637 1.320 0.000
 0.000 1.113 2.221 3.329 4.441 5.558 6.680 7.818 8.960 10.106 11.257 12.411 13.563 14.724 15.845 16.914 17.991 18.976 19.908 20.757 21.517 22.183 22.725 23.129 23.406 23.544 23.542 23.399 23.122 22.714 22.178 21.523 20.763 19.908 18.970 17.962 16.895 15.781 14.632 13.459 12.274 11.058 9.839 8.618 7.395 6.169 4.942 3.701 2.470 1.236 0.000
 0.000 1.050 2.097 3.142 4.201 5.263 6.338 7.439 8.544 9.651 10.779 11.915 13.064 14.209 15.327 16.425 17.473 18.473 19.408 20.257 21.017 21.673 22.210 22.617 22.891 23.026 23.019 22.868 22.582 22.167 21.624 20.992 20.187 19.332 18.381 17.371 16.303 15.192 14.055 12.893 11.729 10.549 9.366 8.185 7.009 5.835 4.666 3.498 2.332 1.166 0.000
 0.000 0.999 1.997 2.998 4.007 5.032 6.067 7.124 8.198 9.288 10.395 11.511 12.635 13.763 14.872 15.961 17.012 18.013 18.948 19.793 20.549 21.203 21.735 22.138 22.407 22.537 22.524 22.387 22.078 21.659 21.111 20.441 19.657 18.792 17.843 16.832 15.768 14.665 13.566 12.400 11.256 10.105 8.954 7.810 6.673 5.553 4.437 3.333 2.228 1.106 0.000
 0.000 0.957 1.915 2.877 3.881 4.837 5.833 6.853 7.899 8.960 10.067 11.148 12.256 13.366 14.464 15.543 16.584 17.574 18.508 19.348 20.101 20.752 21.275 21.669 21.933 22.059 22.038 21.877 21.582 21.158 20.612 19.947 19.148 18.281 17.330 16.323 15.268 14.179 13.066 11.949 10.838 9.706 8.589 7.478 6.387 5.306 4.236 3.175 2.116 1.058 0.000
 0.000 0.922 1.845 2.772 3.706 4.658 5.624 6.613 7.633 8.673 9.733 10.810 11.900 12.992 14.076 15.141 16.171 17.166 18.086 18.911 19.652 20.294 20.805 21.188 21.444 21.563 21.535 21.366 21.064 20.634 20.097 19.417 18.614 17.750 16.813 15.821 14.783 13.723 12.617 11.516 10.437 9.326 8.253 7.169 6.113 5.075 4.050 3.034 2.024 1.014 0.000
 0.000 0.913 1.783 2.678 3.581 4.502 5.440 6.401 7.391 8.399 9.433 10.485 11.553 12.623 13.689 14.730 15.743 16.712 17.618 18.448 19.170 19.788 20.289 20.664 20.910 21.019 20.986 20.814 20.508 20.070 19.513 18.835 18.059 17.208 16.288 15.313 14.295 13.289 12.191 11.095 10.021 8.956 7.908 6.869 5.853 4.855 3.874 2.903 1.938 0.994 0.000
 0.000 0.860 1.726 2.608 3.464 4.357 5.266 6.198 7.160 8.138 9.138 10.162 11.207 12.243 13.286 14.302 15.292 16.233 17.120 17.935 18.635 19.233 19.730 20.087 20.321 20.417 20.379 20.210 19.901 19.465 18.910 18.238 17.475 16.639 15.738 14.783 13.786 12.759 11.714 10.686 9.644 8.594 7.585 6.583 5.605 4.646 3.708 2.775 1.852 0.928 0.000
 0.000 0.830 1.668 2.501 3.360 4.218 5.083 5.985 6.913 7.868 8.841 9.828 10.833 11.842 12.861 13.840 14.797 15.711 16.568 17.350 18.031 18.612 19.087 19.443 19.671 19.794 19.719 19.549 19.234 18.796 18.248 17.590 16.846 16.053 15.151 14.221 13.293 12.254 11.241 10.228 9.223 8.226 7.251 6.298 5.362 4.441 3.546 2.653 1.773 0.900 0.000
 0.000 0.796 1.598 2.404 3.218 4.049 4.896 5.766 6.661 7.579 8.521 9.482 10.446 11.419 12.389 13.348 14.263 15.143 15.964 16.715 17.374 17.933 18.386 18.728 18.942 19.027 19.001 18.807 18.497 18.068 17.533 16.893 16.171 15.379 14.525 13.623 12.689 11.725 10.750 9.776 8.813 7.862 6.912 5.998 5.103 4.227 3.376 2.524 1.682 0.846 0.000
 0.000 0.767 1.535 2.309 3.089 3.883 4.699 5.534 6.398 7.275 8.177 9.095 10.032 10.957 11.882 12.795 13.677 14.522 15.310 16.062 16.696 17.194 17.643 17.969 18.173 18.239 18.174 17.993 17.696 17.280 16.767 16.147 15.449 14.691 13.863 12.993 12.095 11.208 10.235 9.302 8.381 7.463 6.566 5.692 4.842 4.013 3.226 2.392 1.593 0.798 0.000
 0.000 0.737 1.473 2.212 2.955 3.714 4.497 5.287 6.106 6.948 7.809 8.685 9.572 10.463 11.340 12.205 13.051 13.866 14.603 15.288 15.894 16.393 16.805 17.120 17.307 17.357 17.317 17.133 16.844 16.429 15.927 15.337 14.669 13.937 13.146 12.315 11.458 10.580 9.690 8.804 7.928 7.058 6.207 5.380 4.577 3.809 3.021 2.258 1.504 0.753 0.000
 0.000 0.703 1.405 2.108 2.813 3.531 4.270 5.024 5.804 6.604 7.421 8.258 9.088 9.930 10.760 11.579 12.377 13.140 13.840 14.485 15.052 15.531 15.957 16.202 16.370 16.421 16.362 16.194 15.914 15.524 15.055 14.488 13.847 13.152 12.396 11.607 10.792 9.960 9.120 8.286 7.461 6.639 5.837 5.056 4.299 3.562 2.836 2.119 1.412 0.707 0.000
 0.000 0.666 1.332 1.997 2.668 3.373 4.038 4.753 5.488 6.242 7.010 7.792 8.579 9.369 10.151 10.921 11.673 12.394 13.045 13.645 14.174 14.621 15.014 15.237 15.391 15.442 15.382 15.226 14.948 14.579 14.121 13.589 12.987 12.326 11.618 10.873 10.104 9.319 8.532 7.748 6.973 6.205 5.456 4.724 4.015 3.324 2.646 1.977 1.316 0.658 0.000
 0.000 0.626 1.252 1.907 2.507 3.148 3.800 4.475 5.161 5.864 6.584 7.318 8.064 8.788 9.521 10.237 10.938 11.597 12.209 12.797 13.290 13.672 14.000 14.232 14.378 14.422 14.361 14.200 13.959 13.605 13.169 12.667 12.095 11.483 10.820 10.119 9.399 8.668 7.931 7.199 6.473 5.757 5.064 4.387 3.729 3.091 2.459 1.842 1.220 0.610 0.000
 0.000 0.586 1.170 1.755 2.344 2.942 3.552 4.178 4.819 5.474 6.143 6.823 7.506 8.191 8.865 9.528 10.171 10.781 11.349 11.864 12.315 12.693 12.992 13.201 13.327 13.362 13.303 13.156 12.925 12.599 12.195 11.727 11.201 10.625 10.008 9.357 8.686 8.006 7.317 6.643 5.972 5.314 4.670 4.045 3.439 2.850 2.270 1.692 1.124 0.561 0.000
 0.000 0.545 1.088 1.633 2.177 2.732 3.299 3.880 4.469 5.076 5.695 6.320 6.952 7.588 8.200 8.814 9.395 9.982 10.476 10.943 11.352 11.696 11.965 12.154 12.265 12.292 12.235 12.097 11.881 11.584 11.213 10.779 10.292 9.757 9.185 8.591 7.973 7.348 6.721 6.091 5.471 4.863 4.273 3.700 3.144 2.603 2.075 1.545 1.027 0.513 0.000
 0.000 0.504 1.007 1.519 2.011 2.520 3.043 3.573 4.119 4.670 5.236 5.808 6.384 6.962 7.524 8.077 8.612 9.120 9.591 10.013 10.383 10.692 10.933 11.104 11.204 11.226 11.172 11.042 10.844 10.578 10.237 9.834 9.384 8.893 8.376 7.829 7.264 6.695 6.126 5.545 4.974 4.420 3.880 3.358 2.852 2.359 1.879 1.402 0.931 0.466 0.000
 0.000 0.463 0.923 1.381 1.863 2.307 2.784 3.265 3.759 4.264 4.776 5.293 5.813 6.334 6.850 7.349 7.830 8.285 8.710 9.089 9.418 9.695 9.910 10.064 10.157 10.177 10.123 10.000 9.819 9.579 9.267 8.897 8.489 8.047 7.573 7.081 6.563 6.042 5.522 4.999 4.485 3.983 3.495 3.024 2.568 2.121 1.690 1.268 0.853 0.424 0.000
 0.000 0.421 0.840 1.251 1.676 2.094 2.526 2.960 3.404 3.863 4.321 4.783 5.251 5.727 6.180 6.626 7.056 7.462 7.841 8.180 8.467 8.711 8.902 9.039 9.125 9.134 9.078 8.966 8.803 8.581 8.314 7.974 7.610 7.212 6.782 6.337 5.876 5.405 4.934 4.467 4.007 3.557 3.120 2.719 2.289 1.882 1.506 1.129 0.755 0.376 0.000
 0.000 0.380 0.761 1.124 1.497 1.878 2.264 2.653 3.055 3.478 3.884 4.286 4.735 5.113 5.531 5.935 6.311 6.672 6.989 7.281 7.532 7.745 7.914 8.035 8.112 8.110 8.058 7.960 7.816 7.612 7.371 7.073 6.751 6.380 6.003 5.610 5.204 4.784 4.365 3.950 3.543 3.143 2.759 2.384 2.024 1.671 1.334 1.003 0.666 0.332 0.000
 0.000 0.337 0.668 0.998 1.328 1.668 2.008 2.351 2.703 3.070 3.426 3.786 4.155 4.516 4.876 5.215 5.545 5.885 6.184 6.405 6.619 6.836 6.953 7.053 7.135 7.113 7.077 6.982 6.851 6.675 6.460 6.193 5.903 5.588 5.257 4.910 4.550 4.182 3.816 3.452 3.092 2.733 2.407 2.082 1.765 1.458 1.163 0.872 0.581 0.291 0.000
 0.000 0.314 0.586 0.884 1.166 1.466 1.763 2.057 2.360 2.682 2.985 3.296 3.613 3.928 4.233 4.525 4.809 5.082 5.346 5.545 5.732 5.901 6.025 6.104 6.146 6.152 6.158 6.037 5.922 5.800 5.575 5.341 5.090 4.826 4.543 4.240 3.923 3.603 3.297 2.974 2.667 2.361 2.072 1.788 1.515 1.250 1.008 0.750 0.502 0.251 0.000
 0.000 0.253 0.502 0.758 0.996 1.248 1.504 1.756 2.017 2.283 2.546 2.811 3.080 3.350 3.607 3.850 4.116 4.313 4.520 4.701 4.863 4.999 5.103 5.171 5.205 5.211 5.182 5.114 5.015 4.899 4.730 4.521 4.334 4.095 3.852 3.579 3.315 3.042 2.774 2.507 2.247 1.992 1.746 1.507 1.279 1.057 0.849 0.637 0.427 0.214 0.000
 0.000 0.214 0.420 0.626 0.828 1.040 1.259 1.466 1.685 1.904 2.121 2.363 2.555 2.779 2.994 3.192 3.385 3.570 3.733 3.884 4.021 4.129 4.212 4.269 4.300 4.303 4.277 4.222 4.138 4.038 3.892 3.726 3.554 3.361 3.158 2.948 2.738 2.505 2.279 2.059 1.845 1.635 1.432 1.236 1.052 0.868 0.694 0.523 0.351 0.176 0.000
 0.000 0.185 0.342 0.501 0.695 0.835 1.007 1.174 1.345 1.517 1.692 1.862 2.037 2.214 2.388 2.543 2.700 2.853 2.971 3.085 3.228 3.281 3.347 3.395 3.424 3.458 3.400 3.352 3.283 3.209 3.088 2.960 2.836 2.669 2.502 2.336 2.166 1.982 1.804 1.629 1.458 1.292 1.132 0.976 0.828 0.684 0.546 0.411 0.275 0.154 0.000
 0.000 0.148 0.277 0.377 0.504 0.635 0.757 0.889 1.015 1.140 1.272 1.398 1.526 1.659 1.801 1.905 2.019 2.157 2.219 2.303 2.413 2.450 2.504 2.544 2.564 2.566 2.555 2.508 2.447 2.382 2.298 2.204 2.101 1.982 1.862 1.739 1.607 1.471 1.344 1.211 1.083 0.959 0.840 0.724 0.616 0.508 0.412 0.304 0.202 0.101 0.000
 0.000 0.112 0.172 0.251 0.339 0.428 0.516 0.597 0.689 0.771 0.852 0.934 1.018 1.103 1.190 1.268 1.348 1.420 1.481 1.534 1.585 1.637 1.710 1.721 1.715 1.703 1.716 1.693 1.628 1.617 1.530 1.465 1.395 1.317 1.246 1.152 1.063 0.975 0.888 0.802 0.730 0.635 0.557 0.478 0.406 0.335 0.267 0.204 0.134 0.067 0.000
 0.000 0.060 0.070 0.126 0.172 0.221 0.282 0.303 0.348 0.398 0.431 0.469 0.510 0.552 0.594 0.635 0.675 0.712 0.743 0.768 0.791 0.816 0.837 0.854 0.857 0.852 0.843 0.831 0.815 0.795 0.767 0.733 0.699 0.658 0.618 0.574 0.534 0.498 0.445 0.399 0.356 0.316 0.278 0.239 0.202 0.166 0.132 0.100 0.066 0.033 0.000
 0.000 0.000 0.000 0.000 0.000 0.000 0.000 0.000 0.000 0.000 0.000 0.000 0.000 0.000 0.000 0.000 0.000 0.000 0.000 0.000 0.000 0.000 0.000 0.000 0.000 0.000 0.000 0.000 0.000 0.000 0.000 0.000 0.000 0.000 0.000 0.000 0.000 0.000 0.000 0.000 0.000 0.000 0.000 0.000 0.000 0.000 0.000 0.000 0.000 0.000 0.000
