51 51
 100.000 100.000 100.000 100.000 100.000 100.000 100.000 100.000 100.000 100.000 100.000 100.000 100.000 100.000 100.000 100.000 100.000 100.000 100.000 100.000 100.000 100.000 100.000 100.000 100.000 100.000 100.000 100.000 100.000 100.000 100.000 100.000 100.000 100.000 100.000 100.000 100.000 100.000 100.000 100.000 100.000 100.000 100.000 100.000 100.000 100.000 100.000 100.000 100.000 100.000 100.000
 0.000 49.665 69.098 78.067 82.837 85.665 87.478 88.708 89.576 90.210 90.685 91.050 91.336 91.567 91.756 91.915 92.051 92.167 92.269 92.357 92.432 92.495 92.546 92.584 92.609 92.622 92.620 92.606 92.578 92.536 92.481 92.412 92.329 92.231 92.115 91.980 91.820 91.628 91.394 91.103 90.734 90.254 89.615 88.741 87.507 85.688 82.856 78.081 69.107 49.670 0.000
 0.000 29.572 48.679 60.360 67.653 72.391 75.594 77.837 79.455 80.654 81.562 82.265 82.823 83.274 83.647 83.961 84.231 84.464 84.667 84.844 84.996 85.123 85.226 85.304 85.355 85.380 85.378 85.348 85.291 85.207 85.095 84.957 84.790 84.593 84.363 84.094 83.777 83.399 82.941 82.375 81.662 80.743 79.534 77.905 75.651 72.438 67.690 60.388 48.697 29.581 0.000
 0.000 19.960 35.722 47.096 55.097 60.739 64.774 67.711 69.890 71.537 72.805 73.802 74.601 75.254 75.800 76.264 76.665 77.015 77.322 77.590 77.821 78.015 78.173 78.292 78.371 78.409 78.406 78.361 78.274 78.145 77.975 77.764 77.511 77.215 76.870 76.469 76.001 75.448 74.784 73.972 72.961 71.676 70.013 67.817 64.863 60.812 55.154 47.138 35.750 19.974 0.000
 0.000 14.574 27.207 37.284 45.004 50.824 55.205 58.521 61.055 63.017 64.559 65.792 66.795 67.628 68.333 68.940 69.470 69.937 70.349 70.712 71.027 71.293 71.508 71.672 71.781 71.834 71.830 71.768 71.649 71.473 71.242 70.955 70.614 70.216 69.756 69.226 68.614 67.899 67.051 66.029 64.776 63.212 61.226 58.669 55.330 50.927 45.084 37.343 27.246 14.594 0.000
 0.000 11.165 21.315 29.933 36.945 42.518 46.901 50.341 53.050 55.201 56.931 58.341 59.511 60.499 61.349 62.092 62.749 63.335 63.857 64.320 64.724 65.067 65.346 65.558 65.701 65.770 65.765 65.686 65.532 65.305 65.008 64.641 64.206 63.703 63.126 62.470 61.720 60.856 59.848 58.654 57.217 55.458 53.276 50.536 47.066 42.653 37.051 30.011 21.367 11.190 0.000
 0.000 8.811 17.040 24.311 30.489 35.605 39.780 43.166 45.911 48.148 49.990 51.527 52.828 53.950 54.933 55.807 56.592 57.300 57.937 58.507 59.007 59.434 59.783 60.050 60.229 60.316 60.311 60.212 60.020 59.738 59.369 58.917 58.383 57.769 57.073 56.290 55.407 54.406 53.259 51.926 50.355 48.476 46.199 43.414 39.990 35.777 30.624 24.411 17.106 8.844 0.000
 0.000 7.087 13.816 19.925 25.282 29.865 33.723 36.946 39.633 41.881 43.778 45.400 46.806 48.045 49.152 50.154 51.069 51.904 52.665 53.350 53.956 54.475 54.902 55.228 55.448 55.556 55.551 55.431 55.197 54.854 54.407 53.860 53.220 52.489 51.668 50.756 49.742 48.613 47.343 45.898 44.233 42.289 39.992 37.256 33.985 30.079 25.451 20.050 13.899 7.128 0.000
 0.000 5.775 11.318 16.449 21.057 25.104 28.606 31.610 34.183 36.393 38.308 39.986 41.478 42.823 44.051 45.183 46.232 47.203 48.096 48.907 49.629 50.251 50.764 51.157 51.422 51.554 51.548 51.404 51.125 50.715 50.181 49.532 48.776 47.919 46.966 45.919 44.774 43.519 42.135 40.597 38.865 36.893 34.623 31.990 28.927 25.367 21.264 16.601 11.419 5.825 0.000
 0.000 4.750 9.346 13.663 17.615 21.165 24.311 27.080 29.514 31.661 33.572 35.292 36.859 38.306 39.656 40.922 42.113 43.230 44.267 45.217 46.066 46.801 47.409 47.876 48.193 48.350 48.345 48.175 47.845 47.361 46.732 45.971 45.087 44.094 43.000 41.811 40.528 39.146 37.653 36.028 34.244 32.264 30.045 27.539 24.698 21.482 17.865 13.847 9.468 4.810 0.000
 0.000 3.938 7.773 11.417 14.810 17.918 20.736 23.277 25.569 27.647 29.547 31.303 32.945 34.496 35.972 37.382 38.726 40.000 41.194 42.294 43.283 44.144 44.857 45.406 45.779 45.966 45.960 45.762 45.376 44.810 44.078 43.192 42.171 41.029 39.782 38.440 37.011 35.497 33.891 32.181 30.348 28.366 26.202 23.823 21.197 18.296 15.107 11.637 7.918 4.010 0.000
 0.000 3.290 6.512 9.606 12.530 15.260 17.788 20.124 22.288 24.303 26.196 27.993 29.715 31.378 32.989 34.552 36.061 37.506 38.871 40.136 41.278 42.274 43.103 43.743 44.177 44.395 44.390 44.161 43.714 43.059 42.213 41.193 40.020 38.717 37.304 35.798 34.212 32.555 30.828 29.027 27.140 25.149 23.033 20.768 18.331 15.704 12.880 9.865 6.683 3.375 0.000
 0.000 2.774 5.503 8.151 10.690 13.103 15.388 17.551 19.608 21.575 23.475 25.323 27.135 28.919 30.677 32.406 34.094 35.724 37.273 38.715 40.023 41.167 42.120 42.858 43.360 43.612 43.608 43.345 42.832 42.080 41.110 39.945 38.610 37.133 35.540 33.856 32.100 30.289 28.430 26.526 24.572 22.560 20.475 18.300 16.020 13.621 11.097 8.453 5.702 2.872 0.000
 0.000 2.363 4.701 6.991 9.218 11.376 13.464 15.489 17.465 19.407 21.328 23.242 25.156 27.075 28.993 30.901 32.780 34.608 36.354 37.987 39.472 40.774 41.861 42.703 43.277 43.566 43.562 43.263 42.679 41.825 40.723 39.402 37.892 36.229 34.444 32.569 30.630 28.651 26.646 24.626 22.591 20.540 18.464 16.352 14.191 11.972 9.687 7.338 4.929 2.477 0.000
 0.000 2.040 4.068 6.076 8.058 10.015 11.950 13.874 15.798 17.735 19.697 21.692 23.723 25.789 27.879 29.978 32.061 34.098 36.053 37.887 39.559 41.028 42.255 43.207 43.857 44.185 44.181 43.845 43.186 42.223 40.982 39.496 37.803 35.943 33.954 31.876 29.743 27.583 25.419 23.267 21.135 19.026 16.935 14.855 12.778 10.693 8.592 6.471 4.329 2.169 0.000
 0.000 1.789 3.578 5.367 7.160 8.964 10.788 12.643 14.543 16.498 18.518 20.609 22.771 24.995 27.268 29.568 31.863 34.119 36.291 38.334 40.200 41.842 43.215 44.282 45.010 45.378 45.375 45.000 44.263 43.187 41.802 40.146 38.261 36.195 33.995 31.705 29.366 27.015 24.680 22.383 20.137 17.951 15.822 13.748 11.720 9.728 7.761 5.811 3.871 1.934 0.000
 0.000 1.597 3.203 4.827 6.479 8.173 9.921 11.738 13.637 15.630 17.725 19.925 22.227 24.619 27.083 29.590 32.105 34.583 36.977 39.234 41.298 43.116 44.638 45.821 46.629 47.038 47.036 46.620 45.805 44.614 43.082 41.251 39.172 36.896 34.478 31.970 29.419 26.869 24.353 21.900 19.528 17.248 15.062 12.969 10.960 9.024 7.149 5.322 3.530 1.759 0.000
 0.000 1.454 2.924 4.426 5.978 7.596 9.298 11.101 13.020 15.067 17.250 19.569 22.018 24.583 27.241 29.958 32.693 35.396 38.012 40.482 42.743 44.738 46.408 47.707 48.595 49.045 49.043 48.588 47.694 46.388 44.709 42.704 40.429 37.944 35.307 32.579 29.815 27.062 24.361 21.745 19.237 16.850 14.591 12.457 10.442 8.534 6.716 4.972 3.284 1.633 0.000
 0.000 1.350 2.721 4.137 5.619 7.190 8.870 10.679 12.634 14.747 17.025 19.468 22.067 24.806 27.656 30.580 33.531 36.454 39.288 41.966 44.420 46.586 48.402 49.814 50.780 51.270 51.268 50.774 49.803 48.385 46.562 44.388 41.922 39.231 36.381 33.437 30.461 27.507 24.621 21.840 19.191 16.690 14.346 12.158 10.118 8.213 6.424 4.732 3.113 1.544 0.000
 0.000 1.275 2.578 3.935 5.373 6.918 8.594 10.423 12.423 14.608 16.985 19.551 22.298 25.205 28.240 31.363 34.521 37.654 40.694 43.570 46.209 48.538 50.491 52.011 53.050 53.578 53.576 53.045 52.001 50.477 48.518 46.182 43.535 40.647 37.593 34.443 31.264 28.117 25.051 22.109 19.320 16.704 14.270 12.018 9.940 8.021 6.241 4.577 3.001 1.485 0.000
 0.000 1.224 2.480 3.798 5.210 6.744 8.428 10.285 12.336 14.594 17.066 19.751 22.637 25.701 28.909 32.215 35.565 38.892 42.123 45.182 47.989 50.468 52.548 54.167 55.274 55.836 55.835 55.270 54.159 52.537 50.452 47.967 45.153 42.085 38.842 35.501 32.135 28.807 25.574 22.480 19.558 16.830 14.306 11.986 9.863 7.920 6.136 4.483 2.931 1.448 0.000
 0.000 1.189 2.413 3.707 5.104 6.637 8.335 10.223 12.324 14.651 17.212 20.004 23.015 26.219 29.581 33.052 36.571 40.069 43.470 46.691 49.648 52.260 54.451 56.157 57.325 57.918 57.917 57.322 56.151 54.442 52.247 49.630 46.667 43.439 40.029 36.519 32.986 29.498 26.115 22.884 19.841 17.011 14.403 12.019 9.850 7.879 6.082 4.430 2.890 1.426 0.000
 0.000 1.165 2.367 3.645 5.035 6.570 8.282 10.200 12.345 14.732 17.369 20.252 23.369 26.692 30.183 33.792 37.454 41.097 44.640 47.996 51.079 53.802 56.088 57.867 59.085 59.704 59.703 59.083 57.862 56.081 53.792 51.064 47.977 44.615 41.064 37.412 33.738 30.115 26.605 23.259 20.114 17.195 14.515 12.075 9.865 7.866 6.055 4.400 2.865 1.412 0.000
 0.000 1.146 2.332 3.598 4.981 6.519 8.243 10.183 12.362 14.795 17.491 20.445 23.644 27.059 30.651 34.366 38.140 41.895 45.548 49.010 52.190 55.001 57.359 59.196 60.453 61.092 61.091 60.451 59.192 57.354 54.992 52.179 48.995 45.528 41.868 38.105 34.322 30.594 26.986 23.550 20.326 17.340 14.604 12.119 9.877 7.858 6.036 4.377 2.846 1.401 0.000
 0.000 1.129 2.300 3.553 4.929 6.464 8.193 10.145 12.345 14.807 17.541 20.541 23.794 27.271 30.931 34.718 38.566 42.398 46.126 49.660 52.906 55.776 58.185 60.060 61.345 61.997 61.996 61.343 60.057 58.180 55.769 52.897 49.647 46.110 42.376 38.538 34.681 30.883 27.209 23.714 20.438 17.407 14.635 12.124 9.863 7.833 6.006 4.350 2.825 1.390 0.000
 0.000 1.111 2.264 3.502 4.865 6.391 8.114 10.065 12.269 14.740 17.488 20.508 23.785 27.290 30.981 34.803 38.687 42.556 46.321 49.891 53.171 56.070 58.504 60.399 61.696 62.356 62.355 61.695 60.396 58.500 56.065 53.163 49.881 46.308 42.538 38.664 34.772 30.941 27.237 23.715 20.417 17.368 14.584 12.066 9.802 7.774 5.954 4.308 2.795 1.375 0.000
 0.000 1.089 2.221 3.438 4.780 6.287 7.993 9.928 12.117 14.575 17.312 20.322 23.590 27.088 30.774 34.591 38.471 42.337 46.100 49.667 52.946 55.844 58.277 60.172 61.469 62.128 62.128 61.468 60.170 58.274 55.840 52.940 49.659 46.089 42.322 38.452 34.565 30.739 27.042 23.529 20.240 17.203 14.432 11.928 9.681 7.670 5.869 4.243 2.752 1.353 0.000
 0.000 1.061 2.166 3.354 4.668 6.145 7.820 9.723 11.877 14.301 16.999 19.970 23.197 26.653 30.294 34.067 37.903 41.725 45.446 48.974 52.216 55.083 57.489 59.363 60.647 61.298 61.298 60.646 59.362 57.487 55.079 52.212 48.968 45.437 41.713 37.887 34.045 30.265 26.612 23.143 19.896 16.900 14.168 11.701 9.490 7.513 5.745 4.151 2.691 1.322 0.000
 0.000 1.028 2.097 3.250 4.525 5.961 7.591 9.445 11.546 13.911 16.546 19.448 22.603 25.981 29.542 33.232 36.984 40.723 44.363 47.815 50.988 53.793 56.148 57.982 59.237 59.875 59.875 59.237 57.980 56.146 53.790 50.984 47.810 44.356 40.713 36.970 33.213 29.516 25.945 22.554 19.382 16.455 13.788 11.381 9.225 7.300 5.579 4.029 2.611 1.283 0.000
 0.000 0.987 2.014 3.123 4.350 5.733 7.305 9.094 11.123 13.408 15.955 18.762 21.813 25.081 28.526 32.097 35.729 39.348 42.872 46.213 49.285 52.000 54.280 56.056 57.271 57.889 57.889 57.271 56.055 54.279 51.998 49.282 46.209 42.866 39.339 35.717 32.081 28.503 25.049 21.768 18.701 15.871 13.294 10.969 8.887 7.030 5.371 3.877 2.512 1.234 0.000
 0.000 0.940 1.918 2.974 4.145 5.465 6.965 8.675 10.615 12.800 15.237 17.922 20.842 23.971 27.270 30.689 34.166 37.632 41.007 44.207 47.149 49.750 51.934 53.634 54.799 55.391 55.391 54.798 53.634 51.932 49.748 47.147 44.204 41.002 37.625 34.156 30.674 27.249 23.942 20.802 17.866 15.159 12.694 10.471 8.481 6.707 5.122 3.697 2.395 1.176 0.000
 0.000 0.886 1.810 2.807 3.912 5.159 6.578 8.195 10.030 12.098 14.405 16.948 19.714 22.677 25.802 29.041 32.336 35.619 38.817 41.850 44.637 47.102 49.171 50.782 51.886 52.447 52.447 51.886 50.782 49.170 47.100 44.635 41.847 38.813 35.613 32.327 29.028 25.783 22.651 19.677 16.897 14.334 12.000 9.896 8.014 6.336 4.838 3.491 2.261 1.110 0.000
 0.000 0.828 1.691 2.623 3.656 4.823 6.151 7.664 9.383 11.320 13.481 15.863 18.454 21.231 24.160 27.196 30.284 33.362 36.360 39.203 41.816 44.126 46.066 47.577 48.612 49.137 49.137 48.611 47.576 46.065 44.125 41.814 39.200 36.356 33.357 30.277 27.185 24.144 21.208 18.421 15.816 13.415 11.229 9.259 7.496 5.926 4.524 3.264 2.114 1.038 0.000
 0.000 0.766 1.564 2.426 3.383 4.463 5.693 7.095 8.687 10.482 12.485 14.694 17.096 19.670 22.386 25.201 28.065 30.919 33.699 36.336 38.759 40.902 42.701 44.102 45.062 45.550 45.550 45.062 44.102 42.701 40.901 38.758 36.334 33.696 30.915 28.058 25.191 22.371 19.649 17.066 14.651 12.425 10.399 8.573 6.940 5.485 4.188 3.021 1.956 0.961 0.000
 0.000 0.701 1.432 2.221 3.098 4.087 5.214 6.499 7.959 9.605 11.442 13.467 15.671 18.032 20.523 23.106 25.733 28.352 30.902 33.321 35.545 37.511 39.162 40.447 41.328 41.775 41.775 41.328 40.447 39.161 37.510 35.544 33.319 30.900 28.348 25.727 23.097 20.510 18.013 15.644 13.429 11.388 9.530 7.856 6.359 5.025 3.836 2.767 1.792 0.880 0.000
 0.000 0.635 1.297 2.013 2.807 3.704 4.726 5.891 7.216 8.709 10.375 12.213 14.212 16.355 18.616 20.959 23.344 25.721 28.035 30.231 32.249 34.034 35.532 36.699 37.498 37.904 37.904 37.498 36.699 35.532 34.033 32.248 30.229 28.033 25.717 23.339 20.952 18.604 16.338 14.188 12.178 10.326 8.641 7.122 5.765 4.555 3.477 2.508 1.624 0.797 0.000
 0.000 0.569 1.163 1.805 2.517 3.322 4.238 5.284 6.472 7.812 9.307 10.957 12.751 14.675 16.705 18.809 20.949 23.083 25.162 27.133 28.945 30.547 31.893 32.941 33.658 34.023 34.023 33.658 32.940 31.892 30.547 28.944 27.132 25.160 23.080 20.945 18.802 16.694 14.660 12.730 10.926 9.264 7.751 6.389 5.170 4.085 3.118 2.249 1.456 0.715 0.000
 0.000 0.505 1.032 1.601 2.233 2.946 3.760 4.688 5.742 6.932 8.260 9.724 11.317 13.026 14.828 16.696 18.597 20.492 22.338 24.089 25.698 27.121 28.316 29.247 29.884 30.208 30.208 29.884 29.247 28.316 27.121 25.697 24.088 22.336 20.490 18.593 16.690 14.819 13.013 11.299 9.697 8.221 6.878 5.669 4.588 3.625 2.766 1.995 1.292 0.634 0.000
 0.000 0.443 0.905 1.404 1.959 2.585 3.299 4.114 5.040 6.084 7.250 8.536 9.935 11.435 13.018 14.659 16.328 17.993 19.614 21.152 22.566 23.816 24.865 25.683 26.243 26.527 26.527 26.243 25.683 24.865 23.815 22.565 21.151 19.613 17.991 16.325 14.653 13.010 11.424 9.918 8.512 7.216 6.037 4.975 4.026 3.181 2.427 1.751 1.133 0.556 0.000
 0.000 0.384 0.785 1.218 1.699 2.243 2.863 3.570 4.374 5.280 6.292 7.409 8.624 9.927 11.301 12.726 14.176 15.622 17.030 18.366 19.594 20.679 21.591 22.301 22.788 23.035 23.035 22.788 22.301 21.591 20.679 19.593 18.365 17.029 15.620 14.173 12.722 11.294 9.917 8.610 7.388 6.263 5.240 4.318 3.494 2.760 2.106 1.519 0.983 0.483 0.000
 0.000 0.330 0.673 1.045 1.457 1.924 2.456 3.062 3.752 4.530 5.398 6.357 7.400 8.518 9.698 10.921 12.166 13.407 14.616 15.763 16.817 17.749 18.532 19.142 19.559 19.771 19.771 19.559 19.142 18.532 17.749 16.816 15.762 14.615 13.405 12.163 10.917 9.692 8.509 7.387 6.339 5.374 4.495 3.704 2.997 2.367 1.807 1.303 0.843 0.414 0.000
 0.000 0.279 0.570 0.885 1.235 1.630 2.081 2.595 3.179 3.839 4.575 5.388 6.272 7.220 8.221 9.258 10.314 11.367 12.392 13.364 14.259 15.049 15.713 16.230 16.585 16.765 16.765 16.585 16.230 15.713 15.049 14.258 13.364 12.391 11.365 10.312 9.255 8.216 7.213 6.262 5.373 4.554 3.810 3.139 2.540 2.006 1.531 1.104 0.715 0.351 0.000
 0.000 0.233 0.477 0.740 1.032 1.363 1.740 2.170 2.659 3.211 3.827 4.507 5.247 6.040 6.877 7.745 8.629 9.510 10.368 11.182 11.930 12.592 13.148 13.581 13.877 14.028 14.028 13.877 13.581 13.148 12.592 11.930 11.181 10.367 9.509 8.627 7.743 6.873 6.034 5.238 4.494 3.809 3.186 2.625 2.124 1.678 1.280 0.923 0.597 0.293 0.000
 0.000 0.192 0.393 0.609 0.850 1.123 1.433 1.787 2.190 2.645 3.153 3.713 4.323 4.977 5.667 6.383 7.111 7.837 8.545 9.216 9.833 10.379 10.837 11.194 11.438 11.562 11.562 11.438 11.194 10.837 10.378 9.833 9.215 8.544 7.836 7.110 6.381 5.664 4.972 4.316 3.703 3.138 2.625 2.163 1.750 1.382 1.054 0.760 0.492 0.242 0.000
 0.000 0.155 0.318 0.493 0.688 0.908 1.159 1.446 1.772 2.140 2.551 3.004 3.498 4.027 4.586 5.165 5.755 6.342 6.915 7.458 7.958 8.400 8.771 9.059 9.257 9.358 9.358 9.257 9.059 8.770 8.399 7.958 7.458 6.914 6.342 5.753 5.163 4.583 4.023 3.492 2.996 2.539 2.124 1.749 1.415 1.118 0.853 0.615 0.398 0.195 0.000
 0.000 0.123 0.251 0.389 0.543 0.717 0.915 1.142 1.399 1.690 2.015 2.373 2.763 3.181 3.623 4.081 4.547 5.011 5.464 5.893 6.288 6.637 6.930 7.159 7.315 7.395 7.395 7.315 7.159 6.930 6.637 6.288 5.893 5.463 5.010 4.546 4.079 3.621 3.178 2.759 2.367 2.006 1.677 1.382 1.118 0.883 0.673 0.486 0.314 0.154 0.000
 0.000 0.094 0.191 0.297 0.414 0.547 0.698 0.871 1.068 1.289 1.537 1.811 2.108 2.428 2.765 3.114 3.470 3.824 4.170 4.498 4.799 5.066 5.289 5.464 5.583 5.644 5.644 5.583 5.464 5.289 5.066 4.799 4.497 4.170 3.824 3.469 3.113 2.763 2.425 2.105 1.806 1.530 1.280 1.054 0.853 0.673 0.514 0.370 0.240 0.118 0.000
 0.000 0.067 0.138 0.214 0.299 0.394 0.503 0.628 0.770 0.930 1.109 1.306 1.520 1.751 1.994 2.246 2.502 2.758 3.008 3.244 3.462 3.654 3.815 3.941 4.027 4.071 4.071 4.027 3.941 3.815 3.654 3.461 3.244 3.007 2.758 2.502 2.245 1.993 1.749 1.518 1.302 1.103 0.923 0.760 0.615 0.486 0.370 0.267 0.173 0.085 0.000
 0.000 0.044 0.089 0.139 0.193 0.255 0.326 0.407 0.498 0.602 0.718 0.845 0.984 1.133 1.291 1.454 1.620 1.786 1.947 2.100 2.241 2.366 2.470 2.552 2.607 2.636 2.636 2.607 2.552 2.470 2.365 2.241 2.100 1.947 1.785 1.620 1.453 1.290 1.132 0.983 0.843 0.714 0.597 0.492 0.398 0.314 0.240 0.173 0.112 0.055 0.000
 0.000 0.021 0.044 0.068 0.095 0.125 0.160 0.200 0.245 0.295 0.352 0.415 0.483 0.556 0.634 0.714 0.795 0.877 0.956 1.031 1.100 1.161 1.213 1.253 1.280 1.294 1.294 1.280 1.253 1.213 1.161 1.100 1.031 0.956 0.877 0.795 0.714 0.633 0.556 0.482 0.414 0.351 0.293 0.242 0.195 0.154 0.118 0.085 0.055 0.027 0.000
 0.000 0.000 0.000 0.000 0.000 0.000 0.000 0.000 0.000 0.000 0.000 0.000 0.000 0.000 0.000 0.000 0.000 0.000 0.000 0.000 0.000 0.000 0.000 0.000 0.000 0.000 0.000 0.000 0.000 0.000 0.000 0.000 0.000 0.000 0.000 0.000 0.000 0.000 0.000 0.000 0.000 0.000 0.000 0.000 0.000 0.000 0.000 0.000 0.000 0.000 0.000
