51 51
 100.000 100.000 100.000 100.000 100.000 100.000 100.000 100.000 100.000 100.000 100.000 100.000 100.000 100.000 100.000 100.000 100.000 100.000 100.000 100.000 100.000 100.000 100.000 100.000 100.000 100.000 100.000 100.000 100.000 100.000 100.000 100.000 100.000 100.000 100.000 100.000 100.000 100.000 100.000 100.000 100.000 100.000 100.000 100.000 100.000 100.000 100.000 100.000 100.000 100.000 100.000
 0.000 48.343 66.489 74.239 77.886 79.691 80.677 81.128 81.486 81.652 81.715 81.690 81.737 81.724 81.685 81.672 81.703 81.691 81.726 81.724 81.731 81.723 81.715 81.667 81.610 81.667 81.671 81.680 81.663 81.650 81.641 81.669 81.685 81.676 81.659 81.647 81.702 81.746 81.731 81.736 81.702 81.620 81.464 81.189 80.665 79.674 77.814 74.084 66.253 48.209 0.000
 0.000 27.046 43.692 53.043 58.200 61.061 62.617 63.474 63.996 64.265 64.364 64.386 64.412 64.415 64.386 64.319 64.406 64.349 64.443 64.401 64.296 64.441 64.399 64.356 64.296 64.289 64.226 64.294 64.271 64.224 64.210 64.287 64.316 64.278 64.246 64.236 64.341 64.433 64.402 64.427 64.369 64.214 63.951 63.478 62.577 60.977 58.111 52.901 43.482 26.919 0.000
 0.000 16.446 28.782 36.923 41.934 44.968 46.618 47.691 48.304 48.627 48.463 48.739 48.776 48.800 48.804 48.745 48.895 48.943 48.963 48.952 48.940 48.888 48.810 48.779 48.700 48.744 48.734 48.675 48.621 48.573 48.639 48.733 48.746 48.702 48.707 48.748 48.862 48.687 48.750 48.829 48.782 48.579 48.323 47.745 46.598 44.868 41.851 36.819 28.653 16.357 0.000
 0.000 10.351 18.870 25.084 29.192 31.868 33.408 34.401 34.935 35.291 35.402 35.410 35.433 35.449 35.502 35.532 35.632 35.681 35.676 35.452 35.679 35.637 35.565 35.467 35.296 35.413 35.443 35.313 35.302 35.275 35.356 35.495 35.551 35.537 35.536 35.555 35.661 35.680 35.584 35.604 35.532 35.397 34.932 34.611 33.616 31.956 29.268 25.052 18.833 10.309 0.000
 0.000 6.566 12.262 16.675 19.751 21.803 22.814 23.778 24.197 24.221 24.533 24.509 24.512 24.520 24.606 24.697 24.777 24.872 24.904 24.949 24.937 24.914 24.870 24.800 24.727 24.724 24.769 24.735 24.734 24.746 24.799 24.865 24.903 24.683 24.916 24.885 24.745 24.996 24.963 24.949 24.847 24.726 24.516 24.102 23.105 21.937 19.807 16.572 12.231 6.534 0.000
 0.000 4.108 7.792 10.653 12.890 14.314 15.171 15.639 15.863 15.987 16.045 16.017 15.694 16.015 16.111 16.206 16.008 16.438 16.534 16.632 16.665 16.672 16.614 16.535 16.553 16.517 16.599 16.398 16.608 16.610 16.641 16.453 16.678 16.722 16.740 16.701 16.763 16.760 16.762 16.758 16.624 16.491 16.347 16.093 15.495 14.494 12.982 10.774 7.823 4.133 0.000
 0.000 2.523 4.783 6.668 8.037 8.930 9.431 9.677 9.733 9.552 9.677 9.420 9.568 9.601 9.717 9.856 9.852 10.067 10.390 10.519 10.598 10.636 10.600 10.608 10.450 10.658 10.717 10.715 10.690 10.673 10.691 10.700 10.625 10.760 10.805 10.811 10.862 10.869 10.894 10.889 10.809 10.721 10.592 10.344 9.868 9.197 8.197 6.758 4.852 2.546 0.000
 0.000 1.508 2.838 3.928 4.714 5.103 5.327 5.405 5.313 5.160 4.986 4.846 4.791 4.826 4.986 5.181 5.459 5.761 6.025 6.207 6.393 6.514 6.573 6.500 6.505 6.582 6.667 6.660 6.622 6.590 6.606 6.635 6.645 6.557 6.679 6.688 6.766 6.792 6.834 6.830 6.777 6.721 6.617 6.380 5.976 5.548 4.945 4.058 2.889 1.505 0.000
 0.000 0.830 1.576 2.157 2.529 2.676 2.617 2.439 1.809 1.874 1.573 1.354 1.244 1.241 1.512 1.824 2.208 2.624 3.016 3.347 3.616 3.813 3.951 4.020 4.005 3.866 4.058 4.044 4.017 3.978 3.984 3.987 4.003 4.030 4.034 4.068 4.127 4.155 4.185 4.181 4.144 4.101 4.030 3.859 3.550 3.231 2.865 2.331 1.633 0.840 0.000
 0.000 0.436 0.804 1.051 1.141 1.051 0.778 0.290 -0.038 -0.499 -0.924 -1.248 -1.423 -1.327 -1.038 -0.620 -0.164 0.442 0.968 1.466 1.867 2.134 2.314 2.484 2.522 2.556 2.530 2.497 2.498 2.462 2.430 2.367 2.359 2.383 2.404 2.427 2.471 2.512 2.532 2.476 2.506 2.477 2.430 2.317 2.121 1.890 1.641 1.297 0.885 0.440 0.000
 0.000 0.201 0.342 0.377 0.296 0.056 -0.348 -0.915 -1.559 -2.199 -2.758 -3.213 -3.533 -3.332 -2.995 -2.457 -1.782 -1.134 -0.379 0.337 0.855 1.132 1.601 1.815 1.891 1.933 1.913 1.867 1.822 1.748 1.670 1.595 1.543 1.461 1.467 1.448 1.486 1.538 1.555 1.547 1.530 1.508 1.477 1.403 1.282 1.134 0.965 0.744 0.494 0.243 0.000
 0.000 0.071 0.082 -0.007 -0.195 -0.559 -1.115 -1.770 -2.600 -3.414 -4.142 -4.765 -4.971 -4.873 -4.493 -3.887 -3.009 -2.042 -1.104 -0.232 0.500 1.091 1.565 1.861 2.021 2.082 2.056 1.965 1.838 1.683 1.518 1.376 1.252 1.134 1.024 0.957 0.968 1.001 1.014 1.003 0.982 0.950 0.930 0.878 0.802 0.716 0.602 0.464 0.310 0.155 0.000
 0.000 0.018 -0.013 -0.144 -0.409 -0.872 -1.532 -2.366 -3.284 -4.216 -5.072 -5.693 -6.028 -5.934 -5.611 -5.087 -3.963 -2.700 -1.418 -0.300 0.678 1.561 2.149 2.595 2.872 3.033 2.949 2.791 2.552 2.266 1.960 1.666 1.401 1.169 0.972 0.843 0.792 0.765 0.750 0.727 0.699 0.748 0.634 0.590 0.549 0.511 0.430 0.332 0.230 0.119 0.000
 0.000 0.009 -0.027 -0.160 -0.458 -0.961 -1.701 -2.636 -3.622 -4.655 -5.635 -6.281 -6.681 -6.553 -6.340 -6.005 -4.596 -3.039 -1.330 0.130 1.401 2.536 3.436 4.131 4.572 4.769 4.728 4.479 4.077 3.582 3.032 2.480 1.978 1.556 1.211 0.978 0.835 0.730 0.659 0.604 0.558 0.519 0.481 0.444 0.418 0.403 0.351 0.274 0.372 0.106 0.000
 0.000 0.021 -0.003 -0.113 -0.405 -0.888 -1.608 -2.543 -3.574 -4.676 -5.797 -6.510 -6.909 -6.726 -6.297 -5.890 -4.291 -3.279 -0.529 0.691 2.886 4.409 5.689 6.725 7.403 7.726 7.684 7.296 6.643 5.811 4.866 3.908 3.035 2.301 1.611 1.291 1.001 0.786 0.651 0.558 0.491 0.441 0.401 0.375 0.362 0.359 0.304 0.238 0.174 0.094 0.000
 0.000 0.054 0.065 0.001 -0.263 -0.674 -1.309 -2.177 -3.146 -4.248 -5.222 -5.983 -6.263 -6.492 -5.699 -4.952 -3.357 -1.157 1.044 3.226 5.399 7.473 9.300 10.775 11.777 12.278 12.234 11.622 10.596 9.238 7.691 6.130 4.713 3.508 2.539 1.826 1.294 0.940 0.704 0.554 0.460 0.399 0.360 0.353 0.313 0.294 0.250 0.205 0.155 0.086 0.000
 0.000 0.083 0.121 0.069 -0.070 -0.334 -0.876 -1.657 -2.556 -3.446 -4.431 -5.171 -5.118 -5.042 -4.486 -3.200 -1.423 0.867 3.446 6.040 9.094 11.946 14.546 16.694 18.202 18.894 18.828 17.712 16.319 14.077 11.782 9.358 7.031 5.264 3.719 2.570 1.714 1.170 0.805 0.580 0.453 0.380 0.356 0.395 0.321 0.261 0.219 0.181 0.135 0.077 0.000
 0.000 0.104 0.169 0.167 0.164 -0.019 -0.551 -1.166 -1.813 -2.467 -3.130 -3.585 -3.478 -3.203 -2.545 -1.150 0.807 3.488 6.686 10.252 14.116 18.043 21.718 24.809 27.021 28.112 27.963 26.559 24.142 20.961 17.367 13.782 10.478 7.812 5.354 3.618 2.367 1.532 0.972 0.644 0.476 0.377 0.320 0.322 0.304 0.233 0.186 0.163 0.345 0.065 0.000
 0.000 0.119 0.199 0.195 0.154 0.016 -0.221 -0.565 -1.106 -1.570 -1.948 -2.105 -1.927 -1.441 -0.467 1.181 3.548 6.787 10.779 15.429 20.566 25.886 30.960 35.280 38.378 39.874 39.598 37.575 34.084 29.539 24.402 19.373 14.679 10.643 7.378 4.930 3.183 2.004 1.241 0.788 0.534 0.398 0.297 0.250 0.230 0.182 0.150 0.129 0.096 0.057 0.000
 0.000 0.111 0.211 0.215 0.191 0.119 -0.055 -0.295 -0.500 -0.836 -0.995 -0.931 -0.467 0.113 1.452 3.502 6.441 10.438 15.491 21.525 28.294 35.368 42.184 47.926 52.059 54.007 53.553 50.720 45.915 39.740 32.926 25.997 19.635 14.155 9.764 6.489 4.152 2.563 1.556 0.957 0.665 0.477 0.289 0.213 0.179 0.150 0.130 0.110 0.052 0.049 0.000
 0.000 0.097 0.175 0.215 0.216 0.182 0.088 -0.054 -0.191 -0.300 -0.265 -0.039 0.500 1.499 3.143 5.658 9.284 14.234 20.583 28.239 36.896 45.968 54.624 62.088 67.358 69.721 69.013 65.232 58.932 50.932 42.058 33.203 25.033 18.013 12.429 8.241 5.231 3.149 1.893 1.116 0.672 0.428 0.280 0.206 0.165 0.140 0.126 0.106 0.081 0.047 0.000
 0.000 0.084 0.156 0.203 0.223 0.226 0.177 0.124 0.101 0.080 0.232 0.715 1.330 2.574 4.571 7.593 11.981 17.977 25.722 35.092 45.689 56.763 67.374 76.495 83.002 85.708 85.323 79.834 72.399 62.147 51.243 40.388 30.433 21.904 15.068 9.987 6.338 3.808 2.267 1.319 0.772 0.475 0.313 0.224 0.176 0.149 0.133 0.178 0.087 0.056 0.000
 0.000 0.075 0.140 0.190 0.233 0.278 0.234 0.213 0.229 0.341 0.571 1.030 1.883 3.324 5.648 9.204 14.354 21.382 30.444 41.410 53.781 66.751 79.151 89.643 97.031 100.109 98.799 92.948 83.593 72.018 59.411 46.758 35.190 25.279 17.292 11.466 7.321 4.477 2.655 1.548 0.910 0.564 0.374 0.271 0.213 0.179 0.156 0.133 0.101 0.053 0.000
 0.000 0.070 0.132 0.188 0.222 0.256 0.253 0.265 0.316 0.467 0.787 1.293 2.231 3.838 6.438 10.421 16.170 24.066 34.210 46.480 60.257 74.726 88.507 99.956 107.975 111.291 109.698 102.969 92.409 79.478 65.580 51.487 38.698 27.804 19.073 12.612 8.054 4.970 2.981 1.770 1.035 0.687 0.468 0.349 0.276 0.228 0.194 0.160 0.116 0.064 0.000
 0.000 0.069 0.132 0.185 0.234 0.254 0.271 0.298 0.363 0.517 0.838 1.426 2.419 4.128 6.894 11.107 17.176 25.673 36.510 49.580 64.171 79.440 93.992 105.843 114.041 117.343 115.357 108.221 97.133 83.461 68.645 53.895 40.472 29.063 19.986 13.236 8.484 5.276 3.213 1.957 1.232 0.838 0.600 0.459 0.367 0.299 0.252 0.209 0.151 0.084 0.000
 0.000 0.071 0.231 0.188 0.229 0.255 0.278 0.312 0.385 0.545 0.850 1.434 2.452 4.101 6.883 11.171 17.417 26.069 37.003 50.241 65.051 80.327 94.742 106.779 114.853 117.942 115.653 108.400 97.262 83.483 68.543 53.732 40.285 28.923 19.935 13.231 8.528 5.358 3.328 2.138 1.428 0.990 0.764 0.598 0.480 0.387 0.321 0.265 0.197 0.111 0.000
 0.000 0.078 0.135 0.187 0.227 0.255 0.277 0.312 0.394 0.560 0.840 1.385 2.373 4.081 6.793 10.950 16.963 25.143 35.647 48.301 62.499 77.212 91.045 102.753 110.401 114.327 111.590 103.504 93.422 79.342 65.019 50.922 38.154 27.405 18.931 12.599 8.183 5.209 3.318 2.175 1.501 1.143 0.932 0.736 0.591 0.439 0.401 0.334 0.252 0.135 0.000
 0.000 0.070 0.134 0.187 0.227 0.252 0.274 0.307 0.396 0.580 0.811 1.300 2.212 3.786 6.257 10.073 15.596 23.055 32.648 44.202 57.187 70.683 83.077 93.534 100.788 102.899 100.498 94.192 83.870 71.662 58.771 45.987 34.409 24.749 17.172 11.532 7.539 4.864 3.210 2.185 1.569 1.245 1.027 0.832 0.687 0.577 0.498 0.428 0.339 0.169 0.000
 0.000 0.073 0.138 0.190 0.227 0.254 0.293 0.299 0.360 0.490 0.723 1.153 1.936 3.277 5.439 8.799 13.642 20.103 28.418 38.439 49.655 61.268 72.048 80.864 86.876 89.103 87.458 80.953 72.156 61.575 50.323 39.357 29.479 21.343 14.811 10.018 6.687 4.368 3.151 2.091 1.518 1.287 1.084 1.015 0.803 0.691 0.623 0.524 0.407 0.204 0.000
 0.000 0.077 0.145 0.199 0.234 0.280 0.366 0.337 0.342 0.437 0.627 0.951 1.619 2.700 4.499 7.262 11.236 16.615 23.490 31.778 41.006 50.513 59.438 66.589 71.338 73.061 71.244 66.368 59.179 50.399 41.078 32.079 24.004 17.381 12.168 8.399 5.546 3.711 2.578 1.869 1.455 1.244 1.103 1.255 0.899 0.818 0.802 0.584 0.412 0.207 0.000
 0.000 0.085 0.159 0.219 0.248 0.275 0.331 0.360 0.353 0.410 0.556 0.835 1.339 2.196 3.594 5.724 8.795 13.055 18.409 24.981 32.144 39.638 46.558 52.191 55.829 57.029 55.585 51.733 46.066 39.182 31.906 24.923 18.676 13.545 9.495 6.488 4.391 2.991 2.116 1.605 1.316 1.173 1.100 1.050 0.990 0.918 0.894 0.644 0.430 0.219 0.000
 0.000 0.105 0.179 0.243 0.289 0.312 0.321 0.349 0.356 0.411 0.526 0.737 1.122 1.772 2.814 4.402 6.581 9.862 13.887 18.584 24.134 29.646 34.724 38.944 41.606 42.420 41.285 38.365 34.125 29.011 23.599 18.197 13.839 10.004 6.977 4.730 3.222 2.221 1.597 1.265 1.104 1.048 1.056 1.082 1.073 1.017 0.986 0.795 0.494 0.232 0.000
 0.000 0.160 0.222 0.297 0.420 0.455 0.383 0.386 0.402 0.457 0.549 0.707 0.984 1.452 2.195 3.317 4.930 7.143 10.016 13.452 17.283 21.178 24.728 27.734 29.591 30.113 29.232 27.086 24.083 20.485 16.656 12.983 9.706 6.957 4.773 3.136 2.105 1.411 0.960 0.773 0.770 0.847 0.965 1.081 1.123 1.175 0.960 0.776 0.532 0.277 0.000
 0.000 0.166 0.267 0.355 0.410 0.444 0.452 0.484 0.511 0.558 0.628 0.745 0.931 1.255 1.762 2.517 3.512 5.062 7.023 9.349 11.943 14.548 16.936 18.908 20.114 20.421 19.782 18.256 16.205 13.781 11.199 8.675 6.417 4.533 3.010 1.880 1.143 0.627 0.262 0.184 0.377 0.607 0.830 1.001 1.081 1.089 1.001 0.859 0.595 0.319 0.000
 0.000 0.240 0.341 0.560 0.501 0.546 0.591 0.631 0.669 0.711 0.769 0.861 0.977 1.187 1.514 2.001 2.702 3.661 4.906 6.363 8.024 9.661 11.202 12.419 13.131 13.270 12.876 11.903 10.500 8.810 7.180 5.476 3.999 2.706 1.685 0.970 0.463 0.084 -0.241 -0.308 0.018 0.373 0.714 0.960 1.066 1.102 1.034 0.883 0.665 0.408 0.000
 0.000 0.228 0.391 0.535 0.629 0.714 0.783 0.838 0.883 0.918 0.954 1.014 1.093 1.227 1.435 1.744 2.190 2.781 3.524 4.405 5.403 6.395 7.308 8.002 8.409 8.477 8.189 7.534 6.532 5.311 4.342 3.303 2.389 1.277 0.784 0.485 0.214 -0.031 -0.301 -0.405 -0.038 0.269 0.649 0.945 1.087 1.147 1.101 0.954 0.731 0.422 0.000
 0.000 0.299 0.497 0.664 0.806 0.937 1.035 1.114 1.159 1.175 1.191 1.219 1.266 1.344 1.482 1.673 1.963 2.314 2.722 3.218 3.771 4.368 4.834 5.185 5.401 5.420 5.209 4.786 4.169 3.425 2.827 2.191 1.683 1.146 0.733 0.470 0.245 0.095 -0.063 -1.074 0.111 0.418 0.746 1.007 1.172 1.261 1.235 1.087 0.827 0.484 0.000
 0.000 0.333 0.615 0.821 1.001 1.179 1.331 1.446 1.464 1.448 1.439 1.554 1.470 1.511 1.630 1.726 1.939 2.177 2.352 2.602 2.852 3.187 3.442 3.554 3.637 3.597 3.473 3.198 2.840 2.409 2.014 1.632 1.320 1.053 0.815 0.625 0.461 0.358 0.255 0.228 0.396 0.650 0.921 1.140 1.310 1.425 1.440 1.326 0.938 0.558 0.000
 0.000 0.388 0.731 1.128 1.144 1.346 1.624 2.018 1.693 1.641 1.624 1.643 1.664 1.665 2.047 1.798 1.945 2.175 2.149 2.225 2.347 2.649 2.627 2.670 2.689 2.615 2.786 2.377 2.153 1.868 1.601 1.402 1.230 1.093 0.960 0.831 0.730 0.663 0.574 0.586 0.683 0.865 1.073 1.258 1.423 1.559 1.615 1.428 1.052 0.722 0.000
 0.000 0.404 0.762 1.019 1.239 1.409 1.651 1.748 1.712 1.683 1.677 1.715 1.707 1.676 1.978 1.863 1.935 2.037 1.974 2.015 2.085 2.113 2.165 2.141 2.133 2.060 2.035 2.167 1.804 1.591 1.428 1.413 1.329 1.265 1.136 1.052 1.014 0.987 0.912 0.915 0.926 1.017 1.163 1.320 1.469 1.579 1.538 1.337 1.079 0.610 0.000
 0.000 0.401 0.763 1.089 1.314 1.395 1.563 1.900 1.897 1.650 1.612 1.589 1.577 1.595 1.731 1.945 1.965 2.167 1.893 1.881 1.958 1.868 1.857 1.814 1.842 1.806 1.817 1.742 1.593 1.404 1.318 1.354 1.254 1.207 1.146 1.070 1.037 1.059 1.165 1.060 1.035 1.083 1.182 1.348 1.391 1.470 1.461 1.240 0.955 0.520 0.000
 0.000 0.384 0.739 1.049 1.215 1.340 1.549 1.488 1.504 1.549 1.512 1.456 1.434 1.444 1.505 1.621 1.628 1.700 1.635 1.647 1.652 1.630 1.672 1.612 1.649 1.603 1.795 1.426 1.321 1.236 1.230 1.408 1.176 1.147 1.113 1.066 1.059 1.258 1.085 1.061 1.067 1.079 1.134 1.260 1.256 1.273 1.269 1.099 0.827 0.450 0.000
 0.000 0.339 0.680 1.061 1.127 1.274 1.240 1.224 1.452 1.283 1.273 1.275 1.266 1.256 1.292 1.348 1.317 1.337 1.373 1.432 1.411 1.624 1.602 1.551 1.347 1.482 1.230 1.158 1.116 1.132 1.235 1.135 1.213 1.171 1.034 1.030 1.045 0.990 0.991 0.989 0.997 1.007 1.030 1.066 1.098 1.107 1.160 0.968 0.705 0.373 0.000
 0.000 0.306 0.577 0.948 0.877 0.937 0.945 0.968 1.159 1.020 1.030 1.282 1.108 1.038 1.083 1.035 1.010 1.031 1.083 1.155 1.145 1.143 1.115 1.105 1.105 1.071 1.015 0.976 0.950 0.937 0.984 0.945 0.967 0.933 0.922 0.915 0.890 0.843 0.871 0.874 0.879 0.888 0.890 0.903 0.915 0.882 0.870 0.808 0.626 0.303 0.000
 0.000 0.314 0.502 0.593 0.651 0.689 0.711 0.742 0.855 0.811 0.798 0.895 1.046 0.839 0.793 0.787 0.781 0.798 0.866 0.929 0.903 0.890 0.865 0.870 0.889 0.909 0.861 0.859 0.997 0.773 0.779 0.794 0.812 0.806 0.812 0.938 0.852 0.679 0.705 0.719 0.752 0.725 0.707 0.710 0.697 0.656 0.614 0.567 0.452 0.220 0.000
 0.000 0.191 0.056 0.487 0.463 0.541 0.534 0.513 0.543 0.552 0.561 0.610 0.664 0.614 0.630 0.684 0.656 0.618 0.679 0.693 0.652 0.628 0.607 0.608 0.620 0.634 0.621 0.621 0.603 0.590 0.601 0.631 0.648 0.659 0.673 0.659 0.590 0.547 0.554 0.654 0.548 0.560 0.533 0.508 0.498 0.453 0.418 0.395 0.287 0.139 0.000
 0.000 0.125 0.271 0.262 0.306 0.349 0.347 0.344 0.413 0.360 0.374 0.407 0.439 0.462 0.447 0.454 0.445 0.443 0.486 0.469 0.447 0.419 0.399 0.394 0.411 0.428 0.423 0.420 0.417 0.423 0.438 0.483 0.473 0.504 0.502 0.621 0.462 0.422 0.411 0.367 0.382 0.375 0.351 0.323 0.312 0.290 0.276 0.261 0.179 0.091 0.000
 0.000 0.106 0.136 0.193 0.181 0.259 0.303 0.236 0.223 0.221 0.227 0.245 0.329 0.279 0.278 0.288 0.294 0.287 0.295 0.293 0.319 0.268 0.240 0.217 0.204 0.219 0.241 0.255 0.263 0.276 0.278 0.289 0.289 0.299 0.303 0.313 0.293 0.278 0.269 0.255 0.242 0.226 0.200 0.178 0.176 0.168 0.150 0.138 0.112 0.079 0.000
 0.000 0.178 0.123 0.099 0.080 0.098 0.105 0.118 0.119 0.117 0.112 0.117 0.127 0.131 0.133 0.136 0.141 0.139 0.141 0.140 0.146 0.128 0.114 0.093 0.070 0.078 0.101 0.118 0.128 0.140 0.137 0.136 0.138 0.139 0.142 0.144 0.141 0.137 0.132 0.125 0.119 0.106 0.089 0.075 0.075 0.071 0.064 0.061 0.063 0.034 0.000
 0.000 0.000 0.000 0.000 0.000 0.000 0.000 0.000 0.000 0.000 0.000 0.000 0.000 0.000 0.000 0.000 0.000 0.000 0.000 0.000 0.000 0.000 0.000 0.000 0.000 0.000 0.000 0.000 0.000 0.000 0.000 0.000 0.000 0.000 0.000 0.000 0.000 0.000 0.000 0.000 0.000 0.000 0.000 0.000 0.000 0.000 0.000 0.000 0.000 0.000 0.000
