51 51
 100.000 100.000 100.000 100.000 100.000 100.000 100.000 100.000 100.000 100.000 100.000 100.000 100.000 100.000 100.000 100.000 100.000 100.000 100.000 100.000 100.000 100.000 100.000 100.000 100.000 100.000 100.000 100.000 100.000 100.000 100.000 100.000 100.000 100.000 100.000 100.000 100.000 100.000 100.000 100.000 100.000 100.000 100.000 100.000 100.000 100.000 100.000 100.000 100.000 100.000 100.000
 0.000 49.813 69.387 78.494 83.406 86.365 88.299 89.640 90.608 91.332 91.886 92.318 92.661 92.936 93.159 93.342 93.492 93.616 93.720 93.809 93.873 93.926 93.968 93.999 94.019 94.027 94.024 94.008 93.989 93.956 93.907 93.843 93.767 93.669 93.550 93.401 93.219 93.003 92.726 92.382 91.949 91.392 90.666 89.693 88.346 86.407 83.443 78.519 69.409 49.822 0.000
 0.000 29.863 49.255 61.213 68.774 73.764 77.196 79.667 81.482 82.846 83.912 84.754 85.420 85.956 86.388 86.751 87.046 87.289 87.491 87.660 87.795 87.902 87.987 88.047 88.082 88.103 88.101 88.078 88.034 87.965 87.864 87.731 87.589 87.400 87.164 86.874 86.523 86.096 85.552 84.876 84.048 82.982 81.600 79.776 77.304 73.851 68.827 61.268 49.291 29.880 0.000
 0.000 20.383 36.562 48.340 56.730 62.738 67.124 70.374 72.837 74.734 76.229 77.416 78.368 79.139 79.770 80.290 80.720 81.075 81.374 81.621 81.823 81.977 82.108 82.200 82.261 82.286 82.274 82.241 82.180 82.077 81.932 81.753 81.532 81.251 80.905 80.484 79.969 79.345 78.571 77.616 76.418 74.936 73.021 70.546 67.272 62.871 56.836 48.422 36.617 20.411 0.000
 0.000 15.109 28.282 38.881 47.103 53.387 58.208 61.927 64.828 67.110 68.932 70.398 71.586 72.557 73.356 74.019 74.571 75.029 75.422 75.745 76.011 76.214 76.381 76.500 76.577 76.619 76.615 76.569 76.484 76.350 76.165 75.933 75.640 75.276 74.828 74.288 73.625 72.836 71.863 70.664 69.204 67.378 65.081 62.166 58.417 53.565 47.242 38.990 28.358 15.154 0.000
 0.000 11.809 22.597 31.834 39.440 45.569 50.472 54.387 57.523 60.050 62.099 63.770 65.141 66.273 67.211 67.995 68.655 69.210 69.681 70.073 70.393 70.644 70.847 70.990 71.085 71.141 71.143 71.088 70.983 70.820 70.599 70.315 69.961 69.522 68.983 68.341 67.544 66.627 65.494 64.110 62.444 60.386 57.840 54.677 50.730 45.789 39.619 31.971 22.691 11.857 0.000
 0.000 9.542 18.491 26.480 33.313 39.055 43.810 47.725 50.941 53.588 55.773 57.581 59.083 60.338 61.390 62.273 63.026 63.661 64.196 64.645 65.021 65.321 65.554 65.713 65.834 65.901 65.901 65.832 65.715 65.528 65.273 64.943 64.538 64.017 63.423 62.675 61.791 60.743 59.507 58.007 56.196 53.997 51.324 48.077 44.124 39.320 33.525 26.618 18.602 9.599 0.000
 0.000 7.885 15.400 22.272 28.355 33.591 38.100 41.884 45.063 47.735 49.978 51.861 53.442 54.760 55.923 56.884 57.712 58.413 59.009 59.510 59.927 60.266 60.534 60.725 60.849 60.925 60.925 60.847 60.721 60.513 60.229 59.859 59.408 58.850 58.174 57.373 56.417 55.281 53.943 52.365 50.476 48.212 45.507 42.292 38.460 33.927 28.587 22.437 15.530 7.950 0.000
 0.000 6.618 12.992 18.926 24.299 29.056 33.207 36.787 39.855 42.478 44.716 46.618 48.231 49.635 50.837 51.861 52.740 53.489 54.135 54.683 55.134 55.505 55.810 56.028 56.166 56.249 56.253 56.174 56.031 55.798 55.488 55.076 54.596 53.997 53.276 52.420 51.409 50.213 48.833 47.205 45.286 43.021 40.356 37.244 33.599 29.401 24.555 19.142 13.138 6.691 0.000
 0.000 5.618 11.069 16.209 20.941 25.187 29.007 32.345 35.257 37.785 39.973 41.863 43.497 44.918 46.149 47.206 48.125 48.889 49.563 50.184 50.666 51.064 51.407 51.646 51.792 51.867 51.897 51.809 51.654 51.401 51.076 50.630 50.127 49.491 48.734 47.834 46.800 45.574 44.169 42.527 40.615 38.390 35.806 32.854 29.457 25.597 21.254 16.449 11.228 5.699 0.000
 0.000 4.811 9.502 13.972 18.136 21.954 25.403 28.482 31.212 33.588 35.731 37.581 39.204 40.622 41.864 42.904 43.885 44.711 45.437 46.055 46.575 47.007 47.364 47.620 47.784 47.880 47.861 47.799 47.630 47.364 47.012 46.554 46.008 45.346 44.564 43.650 42.589 41.357 39.940 38.308 36.433 34.285 31.830 29.044 25.901 22.369 18.485 14.235 9.682 4.901 0.000
 0.000 4.150 8.211 12.111 15.776 19.189 22.281 25.108 27.667 29.934 31.953 33.737 35.336 36.740 37.975 39.073 40.030 40.877 41.636 42.277 42.823 43.283 43.657 43.932 44.113 44.206 44.208 44.125 43.948 43.673 43.302 42.826 42.256 41.571 40.769 39.839 38.765 37.537 36.131 34.531 32.713 30.657 28.337 25.728 22.846 19.654 16.163 12.400 8.408 4.248 0.000
 0.000 3.603 7.141 10.557 13.800 16.838 19.646 22.228 24.580 26.704 28.621 30.340 31.886 33.268 34.504 35.603 36.571 37.432 38.207 38.874 39.440 39.911 40.296 40.585 40.777 40.871 40.872 40.790 40.609 40.327 39.942 39.449 38.864 38.163 37.349 36.410 35.311 34.114 32.730 31.171 29.425 27.469 25.291 22.877 20.227 17.333 14.205 10.865 7.349 3.708 0.000
 0.000 3.147 6.244 9.248 12.122 14.836 17.371 19.703 21.879 23.883 25.695 27.313 28.825 30.170 31.396 32.497 33.478 34.352 35.132 35.792 36.397 36.880 37.274 37.553 37.778 37.879 37.883 37.798 37.612 37.300 36.928 36.426 35.828 35.111 34.291 33.346 32.269 31.066 29.714 28.196 26.530 24.681 22.641 20.406 17.978 15.355 12.547 9.573 6.463 3.257 0.000
 0.000 2.763 5.489 8.142 10.698 13.128 15.419 17.569 19.557 21.427 23.137 24.700 26.127 27.429 28.638 29.738 30.724 31.609 32.401 33.097 33.694 34.196 34.602 34.908 35.090 35.219 35.227 35.140 34.945 34.644 34.241 33.745 33.136 32.412 31.581 30.632 29.565 28.370 27.062 25.603 23.960 22.253 20.347 18.273 16.049 13.669 11.141 8.482 5.718 2.878 0.000
 0.000 2.440 4.851 7.200 9.489 11.674 13.750 15.718 17.564 19.297 20.910 22.390 23.776 25.047 26.229 27.313 28.293 29.183 29.990 30.697 31.298 31.790 32.241 32.553 32.753 32.878 32.889 32.798 32.596 32.297 31.890 31.377 30.755 30.025 29.191 28.247 27.193 26.023 24.741 23.335 21.799 20.152 18.373 16.454 14.406 12.234 9.947 7.561 5.089 2.558 0.000
 0.000 2.169 4.317 6.421 8.469 10.443 12.325 14.141 15.845 17.461 18.983 20.394 21.731 22.976 24.134 25.182 26.180 27.057 27.879 28.596 29.208 29.742 30.173 30.499 30.718 30.835 30.840 30.747 30.545 30.236 29.818 29.294 28.660 27.922 27.094 26.159 25.117 23.971 22.721 21.367 19.907 18.347 16.677 14.895 13.004 11.015 8.917 6.781 4.553 2.291 0.000
 0.000 1.942 3.867 5.760 7.605 9.399 11.136 12.798 14.380 15.898 17.338 18.688 19.979 21.191 22.310 23.381 24.341 25.244 26.055 26.769 27.395 27.932 28.371 28.709 28.937 29.054 29.059 28.960 28.753 28.436 28.009 27.477 26.844 26.109 25.276 24.344 23.315 22.191 20.969 19.663 18.270 16.793 15.220 13.559 11.807 9.990 8.081 6.122 4.112 2.066 0.000
 0.000 1.752 3.491 5.206 6.884 8.526 10.120 11.661 13.131 14.568 15.936 17.235 18.477 19.655 20.767 21.810 22.779 23.670 24.477 25.186 25.825 26.358 26.815 27.159 27.393 27.512 27.518 27.413 27.200 26.874 26.439 25.901 25.265 24.529 23.696 22.771 21.756 20.657 19.469 18.205 16.871 15.461 13.975 12.415 10.782 9.097 7.355 5.563 3.733 1.875 0.000
 0.000 1.593 3.177 4.741 6.280 7.789 9.262 10.699 12.092 13.440 14.741 15.990 17.189 18.338 19.430 20.461 21.422 22.313 23.124 23.845 24.483 25.030 25.470 25.827 26.059 26.179 26.185 26.077 25.858 25.537 25.085 24.541 23.898 23.159 22.326 21.409 20.407 19.334 18.171 16.943 15.665 14.317 12.907 11.439 9.917 8.350 6.737 5.093 3.415 1.713 0.000
 0.000 1.461 2.913 4.350 5.770 7.170 8.541 9.887 11.201 12.482 13.728 14.931 16.092 17.214 18.288 19.306 20.259 21.132 21.961 22.688 23.327 23.878 24.340 24.672 24.904 25.024 25.028 24.918 24.694 24.352 23.910 23.361 22.712 21.971 21.137 20.224 19.236 18.194 17.052 15.856 14.633 13.341 11.999 10.612 9.184 7.718 6.220 4.694 3.144 1.577 0.000
 0.000 1.350 2.693 4.025 5.342 6.648 7.933 9.200 10.447 11.670 12.868 14.030 15.165 16.262 17.315 18.319 19.264 20.145 20.955 21.686 22.328 22.871 23.328 23.670 23.899 24.017 24.020 23.906 23.676 23.334 22.884 22.329 21.677 20.935 20.110 19.206 18.232 17.195 16.095 14.942 13.744 12.503 11.222 9.905 8.556 7.179 5.770 4.354 2.913 1.461 0.000
 0.000 1.257 2.509 3.752 4.986 6.212 7.425 8.624 9.811 10.983 12.139 13.270 14.373 15.444 16.478 17.467 18.403 19.273 20.080 20.810 21.452 22.000 22.452 22.790 23.017 23.132 23.131 23.012 22.777 22.430 21.976 21.419 20.765 20.024 19.202 18.305 17.344 16.323 15.247 14.132 12.973 11.771 10.551 9.294 8.017 6.717 5.397 4.062 2.712 1.359 0.000
 0.000 1.179 2.353 3.521 4.684 5.845 6.993 8.135 9.269 10.398 11.515 12.613 13.687 14.735 15.748 16.722 17.646 18.509 19.311 20.036 20.674 21.219 21.666 22.003 22.227 22.339 22.337 22.210 21.969 21.618 21.186 20.602 19.949 19.210 18.392 17.505 16.555 15.551 14.507 13.420 12.296 11.144 9.966 8.766 7.549 6.316 5.068 3.810 2.546 1.276 0.000
 0.000 1.112 2.219 3.322 4.429 5.544 6.626 7.716 8.806 9.892 10.972 12.034 13.086 14.111 15.105 16.063 16.975 17.829 18.621 19.334 19.969 20.509 20.952 21.284 21.503 21.616 21.611 21.477 21.228 20.873 20.414 19.855 19.205 18.471 17.660 16.784 15.848 14.865 13.843 12.782 11.691 10.580 9.449 8.301 7.139 5.967 4.781 3.590 2.398 1.199 0.000
 0.000 1.053 2.125 3.152 4.203 5.255 6.301 7.349 8.398 9.446 10.491 11.527 12.548 13.550 14.524 15.466 16.367 17.205 17.985 18.691 19.314 19.846 20.280 20.606 20.823 20.939 20.921 20.781 20.531 20.175 19.718 19.158 18.513 17.788 16.985 16.120 15.199 14.235 13.236 12.203 11.145 10.071 8.984 7.886 6.774 5.657 4.526 3.396 2.267 1.140 0.000
 0.000 1.002 2.002 3.003 4.006 5.011 6.014 7.022 8.033 9.045 10.057 11.063 12.059 13.037 13.991 14.915 15.804 16.620 17.384 18.075 18.687 19.208 19.633 19.955 20.162 20.265 20.244 20.107 19.858 19.506 19.061 18.500 17.852 17.136 16.343 15.492 14.589 13.649 12.669 11.664 10.639 9.601 8.555 7.500 6.434 5.363 4.292 3.228 2.152 1.088 0.000
 0.000 0.957 1.911 2.880 3.826 4.787 5.753 6.724 7.699 8.677 9.656 10.635 11.605 12.556 13.487 14.388 15.260 16.055 16.804 17.476 18.073 18.581 18.996 19.305 19.508 19.604 19.576 19.436 19.190 18.841 18.386 17.836 17.209 16.509 15.731 14.884 14.006 13.102 12.134 11.163 10.172 9.170 8.162 7.157 6.132 5.099 4.079 3.061 2.044 1.027 0.000
 0.000 0.914 1.828 2.746 3.662 4.593 5.514 6.450 7.389 8.331 9.279 10.229 11.165 12.091 12.994 13.868 14.708 15.491 16.218 16.878 17.458 17.953 18.356 18.651 18.841 18.927 18.902 18.758 18.518 18.165 17.721 17.186 16.559 15.864 15.106 14.289 13.429 12.537 11.611 10.666 9.709 8.741 7.772 6.803 5.830 4.856 3.882 2.913 1.944 0.973 0.000
 0.000 0.875 1.753 2.633 3.510 4.394 5.286 6.185 7.089 7.999 8.913 9.826 10.735 11.635 12.505 13.354 14.163 14.925 15.629 16.278 16.831 17.305 17.692 17.976 18.159 18.242 18.230 18.066 17.831 17.475 17.038 16.513 15.909 15.228 14.489 13.697 12.860 11.993 11.105 10.194 9.276 8.347 7.407 6.475 5.548 4.628 3.696 2.774 1.849 0.925 0.000
 0.000 0.840 1.689 2.524 3.365 4.214 5.066 5.928 6.797 7.672 8.552 9.445 10.302 11.166 12.006 12.824 13.609 14.346 15.019 15.633 16.174 16.652 17.010 17.281 17.451 17.536 17.487 17.339 17.096 16.763 16.333 15.819 15.233 14.576 13.857 13.089 12.283 11.446 10.589 9.717 8.831 7.941 7.047 6.156 5.289 4.389 3.509 2.633 1.756 0.880 0.000
 0.000 0.803 1.610 2.415 3.223 4.043 4.851 5.673 6.506 7.342 8.186 9.025 9.862 10.689 11.497 12.286 13.035 13.739 14.396 14.975 15.493 15.930 16.288 16.557 16.708 16.782 16.723 16.585 16.347 16.018 15.600 15.104 14.536 13.902 13.208 12.468 11.694 10.895 10.071 9.234 8.388 7.539 6.686 5.838 4.996 4.159 3.325 2.494 1.687 0.838 0.000
 0.000 0.764 1.534 2.303 3.074 3.870 4.627 5.412 6.207 7.003 7.806 8.609 9.410 10.199 10.989 11.719 12.437 13.109 13.729 14.290 14.791 15.208 15.528 15.777 15.920 15.969 15.927 15.794 15.564 15.243 14.839 14.361 13.815 13.209 12.542 11.833 11.096 10.388 9.555 8.750 7.936 7.128 6.321 5.519 4.723 3.931 3.142 2.356 1.572 0.788 0.000
 0.000 0.731 1.460 2.188 2.921 3.657 4.398 5.145 5.946 6.658 7.419 8.184 8.944 9.694 10.423 11.134 11.814 12.461 13.044 13.567 14.033 14.437 14.738 14.963 15.098 15.142 15.104 14.972 14.745 14.468 14.050 13.592 13.072 12.498 11.860 11.181 10.475 9.749 9.002 8.246 7.480 6.715 5.954 5.198 4.447 3.700 2.957 2.217 1.480 0.739 0.000
 0.000 0.705 1.396 2.073 2.764 3.461 4.162 4.872 5.591 6.321 7.021 7.742 8.461 9.176 9.861 10.537 11.163 11.765 12.320 12.813 13.249 13.628 13.916 14.125 14.249 14.309 14.236 14.105 13.896 13.613 13.236 12.797 12.302 11.754 11.155 10.513 9.844 9.153 8.448 7.735 7.015 6.297 5.582 4.872 4.166 3.465 2.768 2.077 1.395 0.693 0.000
 0.000 0.654 1.303 1.951 2.604 3.261 3.925 4.600 5.259 5.931 6.609 7.285 7.957 8.622 9.274 9.895 10.488 11.053 11.581 12.038 12.446 12.802 13.074 13.262 13.368 13.400 13.364 13.222 13.019 12.744 12.394 11.982 11.519 10.995 10.431 9.829 9.200 8.551 7.889 7.219 6.546 5.899 5.205 4.542 3.882 3.227 2.578 1.932 1.289 0.643 0.000
 0.000 0.616 1.221 1.830 2.444 3.082 3.681 4.299 4.920 5.550 6.183 6.813 7.440 8.057 8.662 9.242 9.797 10.318 10.804 11.231 11.611 11.940 12.184 12.362 12.465 12.494 12.454 12.323 12.126 11.864 11.537 11.150 10.710 10.222 9.695 9.134 8.548 7.942 7.323 6.699 6.073 5.447 4.826 4.210 3.597 2.989 2.387 1.789 1.192 0.596 0.000
 0.000 0.570 1.137 1.708 2.284 2.850 3.423 3.998 4.578 5.162 5.749 6.336 6.914 7.486 8.043 8.581 9.094 9.576 10.029 10.417 10.763 11.056 11.286 11.455 11.554 11.570 11.523 11.405 11.222 10.977 10.671 10.309 9.898 9.443 8.953 8.433 7.890 7.328 6.755 6.177 5.597 5.019 4.445 3.878 3.312 2.751 2.198 1.649 1.099 0.550 0.000
 0.000 0.527 1.053 1.580 2.109 2.634 3.164 3.696 4.235 4.770 5.313 5.864 6.386 6.942 7.420 7.912 8.382 8.820 9.226 9.590 9.908 10.173 10.383 10.532 10.616 10.634 10.589 10.483 10.312 10.085 9.799 9.465 9.090 8.663 8.212 7.731 7.231 6.715 6.189 5.655 5.122 4.590 4.063 3.543 3.026 2.515 2.011 1.511 1.008 0.505 0.000
 0.000 0.484 0.968 1.452 1.937 2.420 2.904 3.391 3.881 4.375 4.869 5.365 5.850 6.333 6.792 7.238 7.664 8.062 8.430 8.765 9.047 9.286 9.477 9.614 9.683 9.701 9.656 9.555 9.399 9.197 8.928 8.624 8.274 7.886 7.482 7.035 6.575 6.107 5.632 5.139 4.652 4.166 3.683 3.212 2.744 2.282 1.811 1.373 0.918 0.458 0.000
 0.000 0.441 0.883 1.325 1.770 2.207 2.644 3.087 3.529 3.977 4.425 4.871 5.309 5.741 6.158 6.563 6.948 7.305 7.642 7.931 8.184 8.400 8.569 8.687 8.750 8.765 8.723 8.628 8.483 8.293 8.054 7.780 7.466 7.114 6.747 6.346 5.927 5.501 5.099 4.644 4.197 3.759 3.316 2.889 2.468 2.052 1.640 1.231 0.821 0.410 0.000
 0.000 0.397 0.796 1.192 1.591 1.989 2.384 2.785 3.176 3.576 3.978 4.377 4.770 5.171 5.528 5.892 6.239 6.554 6.848 7.110 7.330 7.534 7.683 7.773 7.828 7.839 7.810 7.714 7.580 7.410 7.196 6.955 6.663 6.346 6.012 5.655 5.282 4.902 4.516 4.138 3.745 3.340 2.968 2.571 2.196 1.825 1.457 1.092 0.727 0.363 0.000
 0.000 0.352 0.705 1.058 1.413 1.770 2.117 2.468 2.818 3.175 3.533 3.886 4.237 4.575 4.903 5.223 5.550 5.828 6.085 6.292 6.486 6.653 6.784 6.884 6.917 6.924 6.891 6.811 6.693 6.547 6.352 6.131 5.876 5.595 5.295 4.978 4.649 4.314 3.974 3.630 3.273 2.937 2.597 2.261 1.932 1.603 1.280 0.960 0.652 0.320 0.000
 0.000 0.308 0.617 0.925 1.239 1.556 1.854 2.158 2.465 2.778 3.092 3.396 3.701 4.005 4.284 4.556 4.816 5.056 5.277 5.478 5.649 5.788 5.899 5.990 6.016 6.020 5.989 5.918 5.815 5.684 5.516 5.323 5.104 4.858 4.595 4.319 4.033 3.739 3.456 3.147 2.844 2.548 2.250 1.958 1.679 1.387 1.109 0.833 0.557 0.269 0.000
 0.000 0.266 0.532 0.795 1.059 1.327 1.587 1.867 2.116 2.385 2.648 2.907 3.166 3.427 3.668 3.897 4.114 4.317 4.509 4.677 4.823 4.939 5.030 5.096 5.128 5.137 5.104 5.042 4.952 4.836 4.693 4.529 4.341 4.131 3.908 3.674 3.447 3.180 2.927 2.674 2.417 2.162 1.908 1.661 1.417 1.169 0.947 0.707 0.477 0.246 0.000
 0.000 0.226 0.455 0.667 0.884 1.107 1.323 1.546 1.772 1.993 2.210 2.424 2.634 2.851 3.053 3.248 3.422 3.586 3.765 3.883 4.003 4.099 4.175 4.226 4.248 4.251 4.228 4.177 4.103 4.005 3.887 3.752 3.596 3.421 3.236 3.039 2.835 2.627 2.421 2.209 1.996 1.794 1.573 1.373 1.171 0.973 0.781 0.585 0.393 0.200 0.000
 0.000 0.187 0.367 0.538 0.710 0.884 1.062 1.245 1.431 1.602 1.769 1.937 2.108 2.284 2.441 2.591 2.735 2.862 2.983 3.097 3.194 3.272 3.331 3.368 3.384 3.384 3.364 3.324 3.266 3.188 3.093 2.989 2.873 2.726 2.580 2.419 2.254 2.088 1.922 1.754 1.586 1.422 1.259 1.095 0.933 0.775 0.622 0.461 0.309 0.167 0.000
 0.000 0.143 0.280 0.409 0.535 0.665 0.800 0.938 1.073 1.200 1.325 1.450 1.579 1.710 1.830 1.940 2.044 2.141 2.238 2.325 2.394 2.451 2.492 2.518 2.529 2.529 2.514 2.483 2.439 2.381 2.312 2.235 2.139 2.036 1.924 1.812 1.686 1.560 1.434 1.308 1.183 1.062 0.942 0.819 0.702 0.574 0.463 0.346 0.229 0.114 0.000
 0.000 0.094 0.211 0.276 0.359 0.474 0.535 0.625 0.713 0.799 0.884 0.967 1.052 1.138 1.218 1.294 1.361 1.427 1.497 1.574 1.603 1.635 1.659 1.674 1.682 1.682 1.672 1.651 1.622 1.584 1.537 1.488 1.423 1.354 1.278 1.199 1.117 1.034 0.951 0.866 0.797 0.702 0.628 0.543 0.463 0.385 0.307 0.234 0.153 0.077 0.000
 0.000 0.048 0.093 0.138 0.180 0.223 0.270 0.314 0.357 0.402 0.451 0.487 0.528 0.570 0.612 0.662 0.685 0.714 0.748 0.786 0.804 0.821 0.853 0.836 0.840 0.840 0.835 0.825 0.811 0.793 0.771 0.758 0.713 0.676 0.638 0.598 0.555 0.514 0.467 0.433 0.394 0.355 0.323 0.269 0.227 0.191 0.154 0.116 0.076 0.038 0.000
 0.000 0.000 0.000 0.000 0.000 0.000 0.000 0.000 0.000 0.000 0.000 0.000 0.000 0.000 0.000 0.000 0.000 0.000 0.000 0.000 0.000 0.000 0.000 0.000 0.000 0.000 0.000 0.000 0.000 0.000 0.000 0.000 0.000 0.000 0.000 0.000 0.000 0.000 0.000 0.000 0.000 0.000 0.000 0.000 0.000 0.000 0.000 0.000 0.000 0.000 0.000
