51 51
 100.000 100.000 100.000 100.000 100.000 100.000 100.000 100.000 100.000 100.000 100.000 100.000 100.000 100.000 100.000 100.000 100.000 100.000 100.000 100.000 100.000 100.000 100.000 100.000 100.000 100.000 100.000 100.000 100.000 100.000 100.000 100.000 100.000 100.000 100.000 100.000 100.000 100.000 100.000 100.000 100.000 100.000 100.000 100.000 100.000 100.000 100.000 100.000 100.000 100.000 100.000
 0.000 49.931 69.631 78.850 83.869 86.938 88.981 90.429 91.501 92.324 92.971 93.490 93.915 94.266 94.559 94.804 95.014 95.192 95.340 95.464 95.566 95.649 95.713 95.759 95.788 95.800 95.797 95.776 95.737 95.680 95.605 95.510 95.392 95.248 95.078 94.874 94.630 94.339 93.987 93.561 93.039 92.389 91.562 90.485 89.032 86.981 83.904 78.875 69.647 49.938 0.000
 0.000 30.099 49.725 61.912 69.696 74.909 78.554 81.237 83.261 84.830 86.077 87.077 87.913 88.601 89.177 89.663 90.075 90.423 90.715 90.961 91.163 91.328 91.455 91.546 91.603 91.627 91.618 91.577 91.502 91.390 91.242 91.054 90.821 90.539 90.201 89.799 89.319 88.747 88.059 87.227 86.214 84.962 83.382 81.351 78.665 74.993 69.764 61.960 49.754 30.114 0.000
 0.000 20.721 37.251 49.372 58.097 64.440 69.133 72.715 75.485 77.676 79.439 80.878 82.071 83.067 83.906 84.616 85.218 85.730 86.161 86.522 86.822 87.063 87.250 87.386 87.471 87.507 87.495 87.435 87.325 87.160 86.941 86.664 86.322 85.907 85.411 84.821 84.121 83.287 82.292 81.096 79.647 77.864 75.671 72.889 69.297 64.573 58.200 49.453 37.305 20.756 0.000
 0.000 15.571 29.194 40.241 48.901 55.632 60.882 65.016 68.313 70.975 73.153 74.954 76.459 77.725 78.799 79.711 80.484 81.150 81.711 82.180 82.571 82.878 83.131 83.309 83.421 83.470 83.455 83.375 83.233 83.018 82.728 82.372 81.924 81.389 80.747 79.986 79.086 78.020 76.755 75.246 73.435 71.237 68.564 65.244 61.083 55.808 49.047 40.349 29.267 15.608 0.000
 0.000 12.372 23.720 33.511 41.662 48.333 53.763 58.186 61.809 64.797 67.282 69.366 71.127 72.622 73.897 74.986 75.920 76.718 77.395 77.963 78.439 78.823 79.120 79.339 79.474 79.538 79.519 79.426 79.251 78.989 78.647 78.209 77.668 77.015 76.244 75.331 74.255 72.988 71.497 69.732 67.637 65.134 62.122 58.472 54.017 48.553 41.843 33.647 23.812 12.418 0.000
 0.000 10.202 19.812 28.437 35.929 42.303 47.681 52.193 55.980 59.169 61.864 64.154 66.112 67.790 69.232 70.473 71.532 72.457 73.239 73.898 74.449 74.898 75.248 75.502 75.664 75.736 75.716 75.607 75.404 75.105 74.707 74.200 73.578 72.827 71.936 70.887 69.660 68.230 66.555 64.588 62.287 59.569 56.353 52.535 47.987 42.568 36.144 28.601 19.922 10.259 0.000
 0.000 8.637 16.903 24.519 31.337 37.321 42.506 46.968 50.795 54.083 56.906 59.337 61.437 63.255 64.830 66.195 67.376 68.395 69.268 70.009 70.626 71.130 71.527 71.815 72.000 72.082 72.061 71.926 71.708 71.373 70.927 70.359 69.667 68.832 67.841 66.670 65.321 63.765 61.953 59.822 57.399 54.551 51.232 47.366 42.855 37.617 31.585 24.708 17.030 8.702 0.000
 0.000 7.452 14.661 21.423 27.611 33.168 38.096 42.425 46.212 49.519 52.402 54.903 57.110 59.033 60.709 62.172 63.447 64.551 65.502 66.314 66.989 67.541 67.977 68.295 68.500 68.592 68.571 68.434 68.190 67.817 67.334 66.700 65.956 65.047 63.977 62.725 61.280 59.613 57.700 55.495 52.960 50.050 46.708 42.877 38.495 33.512 27.892 21.636 14.803 7.526 0.000
 0.000 6.529 12.889 18.930 24.549 29.684 34.316 38.472 42.168 45.426 48.332 50.882 53.139 55.126 56.873 58.412 59.761 60.936 61.933 62.821 63.548 64.142 64.613 64.958 65.180 65.282 65.261 65.119 64.853 64.457 63.928 63.266 62.449 61.484 60.354 59.036 57.518 55.778 53.792 51.524 48.952 46.030 42.720 38.981 34.774 30.071 24.861 19.165 13.046 6.609 0.000
 0.000 5.790 11.457 16.889 22.001 26.736 31.093 35.046 38.611 41.810 44.674 47.228 49.509 51.531 53.319 54.914 56.324 57.558 58.627 59.544 60.313 60.936 61.443 61.809 62.037 62.155 62.134 61.980 61.705 61.280 60.728 60.024 59.170 58.156 56.977 55.602 54.034 52.249 50.223 47.933 45.351 42.450 39.210 35.598 31.588 27.169 22.345 17.144 11.626 5.868 0.000
 0.000 5.186 10.279 15.185 19.852 24.207 28.316 32.064 35.480 38.582 41.392 43.922 46.204 48.244 50.063 51.681 53.134 54.415 55.527 56.482 57.286 57.949 58.471 58.856 59.107 59.223 59.204 59.049 58.755 58.313 57.734 57.000 56.110 55.062 53.847 52.439 50.835 49.018 46.971 44.687 42.129 39.282 36.132 32.658 28.851 24.707 20.238 15.474 10.458 5.272 0.000
 0.000 4.683 9.287 13.774 18.064 22.119 25.928 29.466 32.729 35.724 38.461 40.947 43.210 45.247 47.069 48.729 50.203 51.509 52.650 53.634 54.467 55.154 55.696 56.098 56.361 56.485 56.466 56.306 56.002 55.549 54.948 54.177 53.280 52.204 50.957 49.526 47.901 46.074 44.029 41.762 39.246 36.453 33.412 30.101 26.493 22.607 18.460 14.076 9.499 4.786 0.000
 0.000 4.259 8.469 12.573 16.526 20.297 23.856 27.201 30.312 33.192 35.847 38.282 40.511 42.535 44.371 46.025 47.509 48.830 49.991 50.998 51.854 52.560 53.117 53.534 53.808 53.937 53.916 53.756 53.444 52.981 52.363 51.587 50.659 49.566 48.301 46.857 45.225 43.402 41.374 39.136 36.672 33.975 31.044 27.870 24.455 20.806 16.945 12.893 8.686 4.371 0.000
 0.000 3.903 7.767 11.549 15.210 18.724 22.065 25.221 28.181 30.944 33.506 35.887 38.073 40.074 41.898 43.546 45.038 46.369 47.544 48.567 49.440 50.150 50.735 51.161 51.442 51.575 51.547 51.392 51.075 50.604 49.977 49.192 48.249 47.143 45.868 44.418 42.787 40.977 38.977 36.777 34.374 31.765 28.947 25.918 22.684 19.254 15.646 11.884 7.995 4.020 0.000
 0.000 3.600 7.167 10.669 14.075 17.357 20.498 23.483 26.302 28.952 31.431 33.740 35.878 37.837 39.654 41.297 42.775 44.117 45.300 46.331 47.216 47.951 48.535 48.969 49.256 49.393 49.377 49.210 48.888 48.410 47.777 46.985 46.034 44.922 43.645 42.199 40.580 38.788 36.817 34.664 32.326 29.804 27.096 24.205 21.139 17.905 14.525 11.016 7.403 3.722 0.000
 0.000 3.339 6.651 9.909 13.089 16.168 19.128 21.956 24.644 27.186 29.578 31.818 33.892 35.838 37.619 39.249 40.727 42.060 43.242 44.276 45.170 45.914 46.506 46.948 47.239 47.380 47.365 47.194 46.869 46.389 45.752 44.956 44.002 42.889 41.615 40.178 38.575 36.801 34.872 32.769 30.498 28.060 25.459 22.698 19.784 16.727 13.550 10.268 6.892 3.460 0.000
 0.000 3.113 6.203 9.250 12.231 15.129 17.927 20.613 23.180 25.620 27.928 30.098 32.130 34.024 35.776 37.387 38.855 40.180 41.363 42.399 43.294 44.042 44.637 45.083 45.376 45.518 45.505 45.333 45.007 44.525 43.890 43.091 42.138 41.029 39.763 38.337 36.754 35.020 33.118 31.069 28.863 26.508 24.008 21.369 18.597 15.703 12.706 9.612 6.448 3.233 0.000
 0.000 2.918 5.808 8.676 11.483 14.219 16.871 19.428 21.882 24.226 26.452 28.556 30.535 32.387 34.107 35.694 37.148 38.465 39.641 40.675 41.570 42.316 42.914 43.361 43.657 43.797 43.784 43.613 43.287 42.805 42.169 41.374 40.426 39.325 38.071 36.660 35.099 33.390 31.535 29.536 27.397 25.123 22.719 20.192 17.549 14.801 11.959 9.040 6.061 3.040 0.000
 0.000 2.750 5.477 8.175 10.827 13.418 15.942 18.377 20.727 22.980 25.129 27.169 29.096 30.906 32.592 34.157 35.589 36.891 38.060 39.088 39.978 40.725 41.323 41.775 42.066 42.206 42.192 42.023 41.696 41.213 40.578 39.788 38.847 37.756 36.515 35.125 33.594 31.926 30.101 28.155 26.079 23.882 21.571 19.144 16.623 14.000 11.301 8.537 5.721 2.869 0.000
 0.000 2.595 5.170 7.729 10.245 12.705 15.107 17.439 19.693 21.862 23.938 25.917 27.794 29.558 31.212 32.748 34.160 35.446 36.605 37.625 38.510 39.246 39.840 40.285 40.581 40.722 40.710 40.545 40.229 39.736 39.103 38.319 37.387 36.306 35.080 33.711 32.204 30.563 28.793 26.901 24.888 22.762 20.532 18.203 15.792 13.284 10.722 8.089 5.423 2.717 0.000
 0.000 2.470 4.909 7.335 9.724 12.069 14.364 16.598 18.764 20.853 22.861 24.781 26.603 28.328 29.947 31.453 32.840 34.107 35.252 36.263 37.138 37.869 38.478 38.900 39.192 39.334 39.323 39.156 38.832 38.355 37.741 36.955 36.027 34.960 33.751 32.410 30.926 29.321 27.594 25.753 23.800 21.745 19.594 17.355 15.036 12.644 10.192 7.691 5.150 2.584 0.000
 0.000 2.340 4.668 6.975 9.252 11.490 13.693 15.839 17.920 19.935 21.877 23.737 25.505 27.193 28.778 30.251 31.613 32.860 33.986 34.993 35.848 36.573 37.158 37.595 37.883 38.022 38.028 37.845 37.522 37.050 36.430 35.664 34.752 33.700 32.510 31.187 29.739 28.170 26.486 24.705 22.811 20.815 18.739 16.583 14.355 12.061 9.719 7.336 4.908 2.463 0.000
 0.000 2.231 4.462 6.652 8.826 10.975 13.086 15.151 17.151 19.094 20.971 22.777 24.504 26.142 27.684 29.125 30.463 31.689 32.797 33.777 34.628 35.345 35.922 36.351 36.636 36.770 36.763 36.602 36.277 35.807 35.196 34.442 33.545 32.505 31.336 30.041 28.628 27.094 25.455 23.714 21.879 19.955 17.954 15.885 13.736 11.531 9.283 7.003 4.686 2.349 0.000
 0.000 2.130 4.253 6.358 8.441 10.500 12.525 14.505 16.435 18.312 20.129 21.879 23.557 25.153 26.654 28.064 29.373 30.583 31.662 32.625 33.462 34.166 34.734 35.157 35.440 35.568 35.557 35.386 35.070 34.610 34.008 33.269 32.396 31.367 30.220 28.955 27.583 26.082 24.487 22.794 21.021 19.149 17.213 15.211 13.150 11.041 8.891 6.684 4.480 2.243 0.000
 0.000 2.037 4.066 6.082 8.080 10.054 11.997 13.902 15.756 17.583 19.335 21.031 22.659 24.209 25.673 27.051 28.328 29.503 30.567 31.512 32.339 33.022 33.577 33.992 34.267 34.392 34.374 34.207 33.898 33.446 32.855 32.137 31.264 30.265 29.148 27.907 26.559 25.105 23.555 21.912 20.187 18.385 16.515 14.585 12.599 10.570 8.503 6.403 4.281 2.142 0.000
 0.000 1.942 3.889 5.810 7.727 9.624 11.500 13.334 15.129 16.880 18.580 20.222 21.800 23.304 24.720 26.067 27.314 28.462 29.500 30.422 31.225 31.899 32.443 32.851 33.118 33.239 33.218 33.057 32.749 32.305 31.724 31.010 30.170 29.198 28.100 26.892 25.576 24.162 22.667 21.066 19.397 17.658 15.853 13.991 12.081 10.130 8.145 6.132 4.097 2.052 0.000
 0.000 1.863 3.723 5.573 7.413 9.233 11.028 12.794 14.523 16.212 17.852 19.440 20.968 22.427 23.809 25.110 26.324 27.444 28.452 29.349 30.130 30.788 31.318 31.716 31.977 32.105 32.075 31.913 31.613 31.176 30.606 29.906 29.089 28.131 27.065 25.894 24.620 23.246 21.786 20.245 18.631 16.950 15.212 13.423 11.583 9.709 7.804 5.874 3.925 1.965 0.000
 0.000 1.786 3.569 5.343 7.101 8.847 10.577 12.274 13.938 15.565 17.146 18.680 20.156 21.568 22.908 24.169 25.347 26.433 27.412 28.282 29.041 29.682 30.200 30.584 30.838 30.957 30.933 30.786 30.495 30.051 29.493 28.808 28.004 27.083 26.043 24.904 23.672 22.340 20.927 19.438 17.881 16.261 14.588 12.864 11.098 9.300 7.473 5.624 3.758 1.882 0.000
 0.000 1.712 3.420 5.120 6.808 8.481 10.133 11.767 13.367 14.931 16.454 17.932 19.356 20.719 22.015 23.234 24.371 25.419 26.367 27.212 27.948 28.569 29.070 29.444 29.690 29.803 29.779 29.620 29.333 28.917 28.374 27.709 26.928 26.027 25.019 23.915 22.721 21.437 20.074 18.639 17.139 15.581 13.970 12.315 10.622 8.898 7.148 5.379 3.595 1.800 0.000
 0.000 1.639 3.272 4.898 6.513 8.117 9.704 11.266 12.798 14.303 15.767 17.189 18.559 19.871 21.121 22.295 23.392 24.399 25.314 26.130 26.841 27.442 27.928 28.291 28.525 28.630 28.606 28.449 28.168 27.765 27.240 26.597 25.833 24.961 23.990 22.924 21.771 20.533 19.220 17.840 16.398 14.904 13.356 11.771 10.151 8.501 6.827 5.137 3.433 1.719 0.000
 0.000 1.564 3.125 4.679 6.223 7.756 9.271 10.766 12.235 13.674 15.078 16.442 17.763 19.019 20.216 21.343 22.396 23.366 24.246 25.031 25.715 26.291 26.757 27.109 27.330 27.427 27.400 27.249 26.978 26.587 26.078 25.455 24.718 23.879 22.950 21.935 20.813 19.620 18.358 17.034 15.652 14.220 12.741 11.226 9.677 8.102 6.506 4.895 3.273 1.638 0.000
 0.000 1.489 2.977 4.458 5.930 7.391 8.837 10.263 11.666 13.041 14.382 15.685 16.947 18.157 19.298 20.376 21.384 22.314 23.159 23.911 24.566 25.115 25.557 25.894 26.103 26.199 26.167 26.021 25.758 25.382 24.889 24.288 23.582 22.777 21.881 20.897 19.844 18.692 17.485 16.219 14.898 13.530 12.122 10.676 9.200 7.702 6.184 4.651 3.108 1.554 0.000
 0.000 1.411 2.826 4.234 5.633 7.023 8.398 9.755 11.090 12.400 13.677 14.920 16.121 17.268 18.360 19.391 20.356 21.250 22.053 22.767 23.390 23.922 24.330 24.642 24.842 24.931 24.905 24.768 24.511 24.151 23.673 23.098 22.424 21.652 20.793 19.849 18.832 17.746 16.596 15.389 14.143 12.830 11.493 10.118 8.719 7.300 5.859 4.407 2.947 1.473 0.000
 0.000 1.337 2.677 4.009 5.335 6.651 7.954 9.240 10.506 11.748 12.962 14.141 15.277 16.368 17.406 18.388 19.307 20.150 20.910 21.590 22.179 22.685 23.076 23.368 23.556 23.638 23.608 23.473 23.231 22.882 22.428 21.881 21.236 20.501 19.686 18.785 17.816 16.792 15.698 14.547 13.354 12.121 10.857 9.554 8.231 6.889 5.530 4.158 2.778 1.389 0.000
 0.000 1.264 2.525 3.782 5.032 6.273 7.502 8.716 9.913 11.086 12.232 13.344 14.418 15.452 16.439 17.359 18.226 19.021 19.739 20.384 20.938 21.404 21.781 22.063 22.241 22.313 22.280 22.149 21.919 21.590 21.155 20.633 20.020 19.323 18.548 17.701 16.783 15.820 14.775 13.689 12.566 11.400 10.205 8.982 7.736 6.473 5.196 3.907 2.613 1.306 0.000
 0.000 1.186 2.370 3.549 4.722 5.887 7.042 8.183 9.307 10.409 11.486 12.532 13.542 14.511 15.434 16.305 17.119 17.870 18.545 19.152 19.668 20.105 20.457 20.719 20.886 20.956 20.922 20.796 20.574 20.260 19.853 19.360 18.782 18.121 17.389 16.589 15.725 14.811 13.839 12.816 11.760 10.668 9.546 8.401 7.235 6.052 4.856 3.650 2.438 1.219 0.000
 0.000 1.107 2.211 3.312 4.407 5.495 6.574 7.640 8.690 9.720 10.727 11.705 12.649 13.554 14.416 15.231 15.990 16.690 17.326 17.886 18.371 18.779 19.105 19.346 19.500 19.563 19.532 19.417 19.202 18.904 18.521 18.059 17.522 16.896 16.209 15.458 14.649 13.788 12.878 11.928 10.943 9.925 8.881 7.813 6.728 5.626 4.513 3.391 2.263 1.131 0.000
 0.000 1.023 2.049 3.069 4.087 5.097 6.098 7.087 8.062 9.018 9.957 10.862 11.739 12.585 13.380 14.136 14.844 15.497 16.079 16.598 17.050 17.428 17.728 17.949 18.093 18.143 18.113 18.000 17.802 17.523 17.160 16.731 16.225 15.645 15.005 14.301 13.554 12.755 11.909 11.027 10.115 9.175 8.208 7.220 6.215 5.195 4.164 3.125 2.086 1.044 0.000
 0.000 0.936 1.884 2.826 3.762 4.692 5.614 6.526 7.424 8.305 9.167 10.005 10.813 11.590 12.329 13.025 13.674 14.272 14.814 15.297 15.705 16.052 16.327 16.534 16.653 16.701 16.671 16.566 16.380 16.121 15.789 15.389 14.918 14.381 13.789 13.143 12.442 11.713 10.926 10.121 9.283 8.417 7.527 6.620 5.697 4.761 3.818 2.868 1.908 0.957 0.000
 0.000 0.858 1.719 2.578 3.433 4.282 5.123 5.955 6.775 7.580 8.367 9.131 9.870 10.579 11.253 11.887 12.480 13.028 13.525 13.959 14.337 14.653 14.903 15.085 15.197 15.236 15.205 15.108 14.939 14.700 14.394 14.027 13.597 13.105 12.558 11.971 11.327 10.664 9.954 9.213 8.446 7.654 6.839 6.015 5.181 4.330 3.471 2.606 1.739 0.869 0.000
 0.000 0.775 1.551 2.326 3.101 3.866 4.626 5.378 6.119 6.846 7.561 8.247 8.916 9.554 10.163 10.736 11.271 11.765 12.213 12.607 12.950 13.234 13.459 13.622 13.722 13.757 13.727 13.636 13.481 13.263 12.983 12.650 12.253 11.817 11.326 10.791 10.215 9.607 8.967 8.298 7.605 6.891 6.158 5.415 4.661 3.894 3.120 2.341 1.560 0.779 0.000
 0.000 0.691 1.382 2.073 2.768 3.445 4.123 4.794 5.454 6.102 6.736 7.353 7.950 8.518 9.061 9.572 10.049 10.490 10.887 11.238 11.546 11.798 11.998 12.142 12.230 12.259 12.231 12.149 12.009 11.814 11.565 11.264 10.910 10.519 10.082 9.604 9.090 8.547 7.974 7.378 6.761 6.125 5.474 4.812 4.139 3.458 2.770 2.081 1.388 0.693 0.000
 0.000 0.605 1.211 1.811 2.422 3.016 3.615 4.203 4.783 5.352 5.908 6.448 6.972 7.471 7.950 8.398 8.816 9.202 9.551 9.861 10.132 10.349 10.522 10.647 10.724 10.748 10.723 10.650 10.526 10.354 10.136 9.870 9.563 9.216 8.831 8.410 7.958 7.478 6.973 6.454 5.914 5.357 4.787 4.206 3.616 3.021 2.420 1.818 1.212 0.606 0.000
 0.000 0.518 1.037 1.559 2.078 2.592 3.103 3.608 4.106 4.595 5.073 5.538 5.987 6.418 6.829 7.213 7.572 7.903 8.203 8.471 8.707 8.888 9.035 9.141 9.205 9.227 9.206 9.142 9.034 8.881 8.696 8.453 8.204 7.905 7.573 7.211 6.822 6.409 5.978 5.531 5.067 4.587 4.098 3.588 3.095 2.584 2.070 1.554 1.035 0.517 0.000
 0.000 0.429 0.859 1.298 1.732 2.161 2.588 3.010 3.426 3.834 4.233 4.621 4.996 5.358 5.703 6.022 6.320 6.597 6.846 7.068 7.260 7.417 7.538 7.626 7.680 7.698 7.680 7.626 7.534 7.409 7.252 7.059 6.839 6.576 6.311 6.003 5.684 5.341 4.981 4.607 4.219 3.818 3.410 2.996 2.576 2.151 1.722 1.291 0.859 0.430 0.000
 0.000 0.340 0.684 1.036 1.384 1.728 2.070 2.409 2.742 3.070 3.389 3.698 4.000 4.289 4.565 4.822 5.061 5.282 5.485 5.660 5.813 5.938 6.036 6.105 6.148 6.162 6.146 6.103 6.026 5.930 5.803 5.652 5.469 5.266 5.046 4.804 4.533 4.270 3.983 3.683 3.373 3.051 2.722 2.390 2.057 1.718 1.374 1.027 0.682 0.345 0.000
 0.000 0.256 0.514 0.776 1.036 1.296 1.553 1.809 2.057 2.302 2.543 2.776 3.001 3.219 3.425 3.619 3.799 3.963 4.115 4.246 4.363 4.457 4.530 4.581 4.613 4.621 4.610 4.579 4.524 4.450 4.351 4.234 4.101 3.949 3.783 3.599 3.402 3.199 2.984 2.759 2.527 2.286 2.041 1.792 1.540 1.285 1.024 0.768 0.511 0.256 0.000
 0.000 0.171 0.342 0.515 0.689 0.863 1.034 1.211 1.373 1.535 1.696 1.852 2.002 2.147 2.285 2.413 2.534 2.644 2.745 2.834 2.910 2.973 3.021 3.052 3.075 3.078 3.071 3.052 3.016 2.963 2.895 2.819 2.732 2.631 2.520 2.398 2.269 2.132 1.987 1.836 1.680 1.519 1.358 1.193 1.024 0.854 0.682 0.511 0.339 0.168 0.000
 0.000 0.085 0.170 0.256 0.343 0.431 0.518 0.604 0.686 0.767 0.848 0.926 1.002 1.075 1.143 1.207 1.267 1.323 1.373 1.417 1.455 1.487 1.511 1.528 1.539 1.539 1.537 1.526 1.507 1.478 1.440 1.408 1.365 1.314 1.258 1.193 1.135 1.066 0.992 0.915 0.837 0.757 0.678 0.595 0.511 0.426 0.341 0.256 0.170 0.085 0.000
 0.000 0.000 0.000 0.000 0.000 0.000 0.000 0.000 0.000 0.000 0.000 0.000 0.000 0.000 0.000 0.000 0.000 0.000 0.000 0.000 0.000 0.000 0.000 0.000 0.000 0.000 0.000 0.000 0.000 0.000 0.000 0.000 0.000 0.000 0.000 0.000 0.000 0.000 0.000 0.000 0.000 0.000 0.000 0.000 0.000 0.000 0.000 0.000 0.000 0.000 0.000
