51 51
 100.000 100.000 100.000 100.000 100.000 100.000 100.000 100.000 100.000 100.000 100.000 100.000 100.000 100.000 100.000 100.000 100.000 100.000 100.000 100.000 100.000 100.000 100.000 100.000 100.000 100.000 100.000 100.000 100.000 100.000 100.000 100.000 100.000 100.000 100.000 100.000 100.000 100.000 100.000 100.000 100.000 100.000 100.000 100.000 100.000 100.000 100.000 100.000 100.000 100.000 100.000
 0.000 49.745 69.256 78.303 83.149 86.051 87.935 89.232 90.165 90.859 91.390 91.806 92.140 92.412 92.639 92.830 92.993 93.133 93.254 93.358 93.446 93.518 93.576 93.619 93.648 93.661 93.659 93.642 93.609 93.561 93.497 93.416 93.319 93.202 93.065 92.903 92.712 92.484 92.209 91.872 91.451 90.915 90.216 89.277 87.974 86.084 83.175 78.323 69.270 49.751 0.000
 0.000 29.729 48.992 60.827 68.270 73.153 76.496 78.874 80.619 81.936 82.954 83.759 84.408 84.941 85.387 85.765 86.088 86.367 86.608 86.815 86.991 87.136 87.252 87.339 87.396 87.423 87.419 87.385 87.319 87.223 87.095 86.934 86.738 86.506 86.233 85.913 85.535 85.087 84.549 83.893 83.079 82.050 80.722 78.965 76.575 73.219 68.323 60.866 49.018 29.742 0.000
 0.000 20.191 36.182 47.782 56.004 61.860 66.101 69.235 71.600 73.421 74.851 75.995 76.927 77.700 78.350 78.905 79.383 79.798 80.158 80.468 80.732 80.951 81.126 81.257 81.343 81.384 81.379 81.327 81.229 81.084 80.891 80.649 80.357 80.011 79.606 79.132 78.577 77.922 77.142 76.199 75.042 73.596 71.758 69.375 66.222 61.961 56.084 47.843 36.223 20.211 0.000
 0.000 14.874 27.804 38.174 46.180 52.279 56.927 60.497 63.271 65.458 67.207 68.629 69.802 70.787 71.624 72.345 72.971 73.517 73.994 74.407 74.760 75.054 75.290 75.466 75.582 75.637 75.631 75.562 75.430 75.235 74.977 74.655 74.267 73.809 73.275 72.655 71.934 71.091 70.097 68.908 67.468 65.697 63.487 60.688 57.091 52.417 46.291 38.257 27.859 14.902 0.000
 0.000 11.527 22.036 31.007 38.365 44.273 48.977 52.722 55.720 58.140 60.116 61.751 63.122 64.288 65.292 66.166 66.932 67.606 68.198 68.714 69.157 69.528 69.825 70.049 70.197 70.267 70.259 70.172 70.006 69.761 69.437 69.034 68.551 67.983 67.324 66.566 65.692 64.681 63.502 62.112 60.453 58.449 55.999 52.969 49.190 44.451 38.507 31.114 22.107 11.562 0.000
 0.000 9.227 17.869 25.547 32.122 37.622 42.165 45.901 48.974 51.517 53.639 55.428 56.954 58.272 59.423 60.437 61.336 62.134 62.841 63.461 63.995 64.444 64.807 65.079 65.260 65.346 65.337 65.232 65.031 64.735 64.344 63.859 63.279 62.603 61.825 60.935 59.921 58.761 57.427 55.876 54.058 51.902 49.322 46.207 42.430 37.843 32.299 25.680 17.958 9.272 0.000
 0.000 7.549 14.737 21.297 27.094 32.102 36.367 39.975 43.023 45.604 47.805 49.699 51.345 52.790 54.070 55.214 56.239 57.159 57.980 58.704 59.333 59.864 60.293 60.617 60.832 60.936 60.926 60.803 60.566 60.216 59.757 59.188 58.512 57.728 56.832 55.819 54.675 53.383 51.918 50.244 48.314 46.072 43.444 40.348 36.688 32.370 27.309 21.459 14.845 7.603 0.000
 0.000 6.274 12.312 17.930 23.012 27.517 31.455 34.871 37.828 40.391 42.624 44.585 46.321 47.873 49.270 50.535 51.683 52.722 53.658 54.490 55.216 55.831 56.330 56.708 56.960 57.082 57.072 56.930 56.655 56.251 55.720 55.066 54.292 53.400 52.389 51.255 49.990 48.581 47.005 45.234 43.230 40.948 38.330 35.315 31.838 27.837 23.268 18.122 12.441 6.338 0.000
 0.000 5.277 10.396 15.225 19.677 23.707 27.311 30.509 33.341 35.850 38.085 40.087 41.895 43.539 45.043 46.424 47.691 48.851 49.904 50.846 51.672 52.376 52.949 53.384 53.675 53.816 53.806 53.644 53.330 52.869 52.264 51.522 50.648 49.647 48.520 47.269 45.889 44.370 42.697 40.849 38.797 36.504 33.930 31.030 27.760 24.083 19.978 15.451 10.546 5.352 0.000
 0.000 4.484 8.860 13.036 16.944 20.546 23.832 26.811 29.505 31.946 34.165 36.194 38.061 39.789 41.395 42.888 44.276 45.557 46.730 47.786 48.717 49.513 50.163 50.658 50.989 51.152 51.142 50.959 50.605 50.084 49.403 48.570 47.593 46.480 45.237 43.869 42.375 40.752 38.991 37.077 34.990 32.704 30.189 27.415 24.353 20.982 17.293 13.298 9.035 4.571 0.000
 0.000 3.847 7.621 11.255 14.702 17.931 20.930 23.704 26.264 28.632 30.831 32.881 34.803 36.611 38.316 39.922 41.431 42.837 44.133 45.307 46.347 47.239 47.969 48.527 48.902 49.087 49.077 48.873 48.477 47.894 47.134 46.206 45.122 43.895 42.533 41.046 39.440 37.715 35.869 33.894 31.777 29.502 27.048 24.396 21.528 18.430 15.102 11.555 7.821 3.947 0.000
 0.000 3.334 6.617 9.807 12.868 15.778 18.529 21.120 23.560 25.862 28.042 30.114 32.090 33.979 35.785 37.506 39.139 40.673 42.096 43.392 44.544 45.536 46.351 46.974 47.394 47.602 47.593 47.367 46.926 46.280 45.437 44.412 43.218 41.873 40.389 38.782 37.060 35.232 33.300 31.263 29.116 26.849 24.450 21.906 19.207 16.345 13.322 10.148 6.845 3.447 0.000
 0.000 2.919 5.807 8.633 11.375 14.020 16.560 18.997 21.335 23.584 25.754 27.853 29.887 31.859 33.768 35.608 37.368 39.033 40.586 42.008 43.276 44.371 45.273 45.964 46.431 46.663 46.654 46.405 45.920 45.207 44.280 43.154 41.848 40.381 38.773 37.041 35.202 33.267 31.247 29.144 26.961 24.693 22.335 19.881 17.323 14.657 11.886 9.016 6.062 3.047 0.000
 0.000 2.587 5.155 7.687 10.171 12.598 14.966 17.277 19.535 21.746 23.916 26.049 28.147 30.208 32.224 34.185 36.074 37.874 39.560 41.110 42.497 43.698 44.689 45.449 45.963 46.220 46.212 45.940 45.408 44.628 43.614 42.386 40.965 39.374 37.638 35.780 33.820 31.775 29.661 27.487 25.260 22.980 20.648 18.261 15.815 13.308 10.739 8.113 5.439 2.729 0.000
 0.000 2.321 4.634 6.931 9.208 11.462 13.694 15.907 18.106 20.294 22.476 24.653 26.821 28.973 31.100 33.184 35.206 37.141 38.963 40.642 42.150 43.457 44.537 45.368 45.930 46.211 46.204 45.909 45.331 44.483 43.381 42.049 40.512 38.796 36.931 34.944 32.860 30.702 28.490 26.239 23.959 21.656 19.334 16.992 14.630 12.245 9.835 7.402 4.948 2.478 0.000
 0.000 2.112 4.223 6.335 8.448 10.566 12.693 14.834 16.994 19.176 21.381 23.608 25.852 28.100 30.339 32.549 34.703 36.774 38.730 40.539 42.166 43.579 44.749 45.649 46.259 46.565 46.559 46.240 45.616 44.700 43.512 42.077 40.423 38.583 36.588 34.472 32.263 29.990 27.677 25.342 23.001 20.664 18.336 16.021 13.717 11.422 9.134 6.849 4.566 2.283 0.000
 0.000 1.948 3.902 5.869 7.857 9.871 11.920 14.011 16.149 18.337 20.575 22.860 25.182 27.528 29.880 32.213 34.499 36.703 38.792 40.727 42.471 43.988 45.245 46.213 46.871 47.201 47.195 46.854 46.184 45.202 43.929 42.393 40.625 38.663 36.541 34.296 31.964 29.575 27.159 24.738 22.330 19.949 17.603 15.296 13.029 10.798 8.599 6.426 4.273 2.133 0.000
 0.000 1.821 3.654 5.510 7.402 9.340 11.334 13.392 15.522 17.727 20.004 22.350 24.752 27.196 29.658 32.112 34.523 36.857 39.073 41.129 42.985 44.602 45.943 46.976 47.679 48.032 48.027 47.664 46.951 45.905 44.551 42.917 41.041 38.960 36.716 34.348 31.895 29.393 26.875 24.366 21.888 19.457 17.084 14.772 12.524 10.335 8.199 6.109 4.053 2.020 0.000
 0.000 1.724 3.464 5.237 7.057 8.938 10.895 12.935 15.067 17.295 19.615 22.023 24.504 27.041 29.609 32.176 34.707 37.161 39.496 41.667 43.628 45.337 46.756 47.851 48.595 48.970 48.966 48.583 47.829 46.724 45.293 43.569 41.591 39.399 37.040 34.555 31.989 29.379 26.763 24.168 21.620 19.136 16.729 14.403 12.161 9.998 7.905 5.873 3.889 1.936 0.000
 0.000 1.650 3.320 5.029 6.795 8.637 10.568 12.600 14.741 16.994 19.358 21.825 24.380 27.003 29.668 32.339 34.979 37.544 39.987 42.261 44.317 46.111 47.601 48.752 49.534 49.928 49.925 49.523 48.733 47.574 46.073 44.267 42.195 39.904 37.439 34.848 32.178 29.469 26.762 24.087 21.472 18.936 16.493 14.148 11.904 9.754 7.690 5.700 3.767 1.874 0.000
 0.000 1.593 3.208 4.869 6.596 8.408 10.322 12.350 14.502 16.781 19.185 21.705 24.326 27.026 29.775 32.538 35.273 37.934 40.472 42.836 44.976 46.844 48.396 49.595 50.410 50.821 50.818 50.401 49.579 48.372 46.811 44.933 42.780 40.401 37.844 35.160 32.398 29.603 26.815 24.070 21.395 18.811 16.334 13.969 11.718 9.576 7.531 5.571 3.676 1.827 0.000
 0.000 1.547 3.120 4.743 6.438 8.227 10.128 12.154 14.315 16.615 19.052 21.617 24.292 27.055 29.874 32.713 35.527 38.267 40.884 43.323 45.532 47.461 49.065 50.304 51.147 51.572 51.570 51.139 50.290 49.045 47.434 45.496 43.276 40.823 38.191 35.430 32.593 29.725 26.871 24.067 21.342 18.719 16.213 13.831 11.574 9.437 7.407 5.470 3.605 1.790 0.000
 0.000 1.510 3.046 4.636 6.304 8.073 9.961 11.982 14.149 16.463 18.923 21.519 24.235 27.045 29.917 32.812 35.686 38.487 41.164 43.660 45.922 47.898 49.541 50.811 51.675 52.112 52.109 51.668 50.799 49.524 47.875 45.891 43.620 41.112 38.422 35.603 32.708 29.787 26.884 24.036 21.275 18.623 16.098 13.705 11.446 9.315 7.300 5.383 3.544 1.759 0.000
 0.000 1.475 2.979 4.539 6.181 7.928 9.799 11.812 13.975 16.293 18.764 21.378 24.116 26.955 29.860 32.792 35.704 38.545 41.261 43.795 46.092 48.099 49.768 51.059 51.937 52.381 52.379 51.932 51.049 49.754 48.079 46.065 43.760 41.216 38.488 35.632 32.701 29.746 26.812 23.939 21.158 18.492 15.959 13.565 11.312 9.192 7.194 5.300 3.486 1.729 0.000
 0.000 1.442 2.913 4.442 6.055 7.776 9.627 11.622 13.772 16.082 18.549 21.163 23.906 26.753 29.670 32.615 35.543 38.402 41.135 43.686 45.999 48.021 49.703 51.003 51.888 52.336 52.334 51.883 50.994 49.690 48.004 45.977 43.656 41.096 38.352 35.481 32.536 29.569 26.626 23.747 20.964 18.300 15.773 13.391 11.153 9.052 7.077 5.209 3.424 1.697 0.000
 0.000 1.406 2.842 4.337 5.917 7.608 9.429 11.397 13.522 15.810 18.257 20.854 23.582 26.416 29.321 32.257 35.177 38.029 40.757 43.304 45.614 47.633 49.313 50.611 51.496 51.943 51.942 51.492 50.604 49.302 47.618 45.594 43.278 40.723 37.986 35.122 32.187 29.232 26.302 23.438 20.672 18.029 15.524 13.166 10.955 8.884 6.940 5.104 3.354 1.662 0.000
 0.000 1.367 2.764 4.220 5.761 7.413 9.196 11.126 13.214 15.465 17.875 20.435 23.128 25.926 28.797 31.700 34.588 37.410 40.110 42.631 44.918 46.917 48.581 49.867 50.743 51.186 51.185 50.739 49.861 48.572 46.905 44.901 42.609 40.081 37.372 34.540 31.638 28.717 25.824 22.997 20.269 17.664 15.198 12.880 10.708 8.678 6.775 4.980 3.271 1.620 0.000
 0.000 1.323 2.676 4.086 5.582 7.187 8.922 10.803 12.840 15.038 17.395 19.900 22.536 25.277 28.091 30.938 33.771 36.539 39.188 41.662 43.907 45.870 47.503 48.766 49.626 50.061 50.060 49.623 48.760 47.495 45.859 43.892 41.643 39.162 36.506 33.728 30.882 28.019 25.184 22.416 19.746 17.198 14.789 12.525 10.408 8.430 6.578 4.833 3.173 1.572 0.000
 0.000 1.273 2.576 3.935 5.378 6.927 8.604 10.424 12.397 14.528 16.814 19.245 21.805 24.469 27.204 29.972 32.727 35.419 37.996 40.404 42.588 44.498 46.088 47.317 48.154 48.578 48.577 48.152 47.312 46.081 44.489 42.575 40.387 37.974 35.390 32.689 29.922 27.139 24.384 21.696 19.103 16.631 14.295 12.101 10.051 8.137 6.347 4.662 3.060 1.516 0.000
 0.000 1.218 2.464 3.765 5.147 6.633 8.242 9.990 11.886 13.935 16.135 18.476 20.942 23.509 26.145 28.813 31.469 34.065 36.551 38.873 40.980 42.823 44.356 45.542 46.350 46.759 46.758 46.348 45.538 44.350 42.815 40.969 38.858 36.531 34.039 31.435 28.768 26.086 23.431 20.841 18.345 15.965 13.718 11.608 9.638 7.800 6.083 4.467 2.932 1.452 0.000
 0.000 1.157 2.340 3.577 4.892 6.306 7.838 9.504 11.312 13.267 15.367 17.602 19.957 22.409 24.928 27.478 30.017 32.499 34.875 37.095 39.110 40.872 42.339 43.473 44.246 44.637 44.636 44.244 43.470 42.334 40.865 39.101 37.082 34.858 32.476 29.986 27.437 24.874 22.338 19.864 17.480 15.209 13.064 11.052 9.174 7.423 5.787 4.249 2.788 1.380 0.000
 0.000 1.091 2.207 3.374 4.615 5.950 7.398 8.972 10.682 12.532 14.519 16.635 18.865 21.188 23.574 25.990 28.395 30.748 33.000 35.104 37.014 38.684 40.075 41.150 41.882 42.253 42.253 41.881 41.147 40.070 38.678 37.006 35.093 32.984 30.727 28.368 25.953 23.525 21.123 18.780 16.523 14.373 12.343 10.440 8.664 7.009 5.463 4.011 2.631 1.303 0.000
 0.000 1.021 2.065 3.157 4.319 5.570 6.927 8.403 10.007 11.742 13.606 15.593 17.686 19.867 22.108 24.377 26.636 28.846 30.961 32.939 34.733 36.302 37.608 38.618 39.307 39.655 39.655 39.305 38.616 37.604 36.297 34.725 32.928 30.948 28.827 26.611 24.343 22.063 19.808 17.608 15.490 13.472 11.567 9.782 8.117 6.565 5.116 3.756 2.464 1.220 0.000
 0.000 0.947 1.917 2.931 4.010 5.172 6.433 7.805 9.296 10.910 12.645 14.493 16.441 18.470 20.556 22.668 24.772 26.829 28.799 30.640 32.311 33.772 34.988 35.929 36.570 36.895 36.894 36.569 35.927 34.985 33.767 32.304 30.631 28.787 26.813 24.750 22.638 20.516 18.417 16.370 14.399 12.521 10.750 9.090 7.541 6.098 4.752 3.488 2.288 1.133 0.000
 0.000 0.872 1.764 2.698 3.692 4.762 5.924 7.188 8.563 10.051 11.650 13.355 15.152 17.024 18.948 20.897 22.838 24.736 26.554 28.252 29.794 31.143 32.265 33.134 33.725 34.025 34.025 33.724 33.132 32.263 31.139 29.789 28.245 26.543 24.721 22.818 20.870 18.912 16.975 15.087 13.269 11.538 9.904 8.374 6.946 5.617 4.377 3.212 2.107 1.043 0.000
 0.000 0.796 1.610 2.462 3.369 4.347 5.408 6.563 7.818 9.178 10.640 12.198 13.840 15.552 17.311 19.093 20.867 22.603 24.265 25.819 27.229 28.462 29.489 30.283 30.824 31.098 31.098 30.823 30.281 29.486 28.459 27.224 25.812 24.256 22.590 20.850 19.069 17.279 15.508 13.782 12.120 10.538 9.045 7.647 6.343 5.129 3.996 2.932 1.923 0.952 0.000
 0.000 0.720 1.456 2.227 3.048 3.932 4.893 5.938 7.075 8.306 9.630 11.041 12.528 14.079 15.672 17.286 18.894 20.467 21.973 23.380 24.658 25.775 26.705 27.425 27.915 28.163 28.163 27.914 27.424 26.703 25.772 24.654 23.374 21.964 20.455 18.879 17.265 15.643 14.040 12.476 10.971 9.538 8.186 6.920 5.740 4.641 3.615 2.653 1.740 0.861 0.000
 0.000 0.645 1.305 1.996 2.732 3.525 4.386 5.323 6.343 7.447 8.635 9.900 11.235 12.626 14.056 15.504 16.947 18.358 19.710 20.973 22.120 23.123 23.958 24.603 25.043 25.266 25.266 25.043 24.602 23.956 23.120 22.116 20.968 19.703 18.349 16.934 15.486 14.030 12.591 11.189 9.838 8.553 7.340 6.205 5.146 4.160 3.241 2.378 1.560 0.772 0.000
 0.000 0.572 1.158 1.772 2.425 3.129 3.893 4.726 5.631 6.612 7.667 8.791 9.977 11.213 12.484 13.771 15.053 16.307 17.508 18.630 19.649 20.540 21.282 21.856 22.247 22.445 22.445 22.247 21.855 21.281 20.538 19.646 18.626 17.501 16.298 15.041 13.754 12.461 11.183 9.936 8.737 7.595 6.518 5.509 4.569 3.693 2.877 2.111 1.385 0.685 0.000
 0.000 0.503 1.018 1.556 2.130 2.749 3.421 4.152 4.948 5.810 6.738 7.726 8.769 9.855 10.972 12.104 13.231 14.334 15.390 16.377 17.273 18.057 18.710 19.214 19.558 19.732 19.732 19.558 19.214 18.708 18.055 17.271 16.374 15.385 14.326 13.221 12.090 10.953 9.829 8.733 7.678 6.674 5.727 4.841 4.014 3.245 2.528 1.855 1.217 0.602 0.000
 0.000 0.437 0.884 1.352 1.850 2.388 2.971 3.607 4.299 5.048 5.854 6.713 7.620 8.564 9.535 10.519 11.499 12.458 13.376 14.234 15.013 15.695 16.262 16.701 17.000 17.151 17.151 16.999 16.700 16.261 15.693 15.011 14.231 13.371 12.451 11.490 10.507 9.518 8.541 7.589 6.672 5.799 4.976 4.206 3.488 2.819 2.196 1.611 1.057 0.523 0.000
 0.000 0.374 0.758 1.159 1.587 2.048 2.549 3.094 3.688 4.330 5.022 5.759 6.537 7.347 8.181 9.025 9.866 10.689 11.477 12.214 12.882 13.467 13.954 14.331 14.588 14.718 14.718 14.587 14.330 13.953 13.466 12.881 12.211 11.473 10.684 9.859 9.014 8.166 7.328 6.510 5.724 4.975 4.269 3.608 2.992 2.418 1.884 1.382 0.906 0.449 0.000
 0.000 0.316 0.640 0.979 1.341 1.730 2.153 2.614 3.116 3.659 4.243 4.866 5.524 6.209 6.913 7.627 8.338 9.033 9.700 10.322 10.888 11.382 11.794 12.112 12.329 12.439 12.439 12.329 12.112 11.793 11.381 10.886 10.320 9.696 9.029 8.332 7.618 6.901 6.192 5.501 4.836 4.204 3.607 3.048 2.528 2.043 1.591 1.168 0.766 0.379 0.000
 0.000 0.262 0.531 0.812 1.111 1.434 1.785 2.167 2.583 3.033 3.518 4.035 4.580 5.148 5.732 6.324 6.914 7.491 8.043 8.560 9.029 9.439 9.780 10.044 10.224 10.316 10.316 10.224 10.044 9.780 9.438 9.027 8.558 8.041 7.487 6.909 6.317 5.722 5.134 4.561 4.010 3.485 2.990 2.527 2.095 1.694 1.319 0.968 0.635 0.314 0.000
 0.000 0.212 0.429 0.656 0.898 1.159 1.442 1.751 2.087 2.452 2.843 3.261 3.702 4.161 4.633 5.112 5.589 6.055 6.502 6.920 7.299 7.630 7.906 8.120 8.266 8.339 8.339 8.265 8.120 7.906 7.630 7.298 6.918 6.500 6.052 5.584 5.106 4.625 4.150 3.687 3.241 2.817 2.417 2.042 1.693 1.369 1.066 0.782 0.513 0.254 0.000
 0.000 0.165 0.334 0.511 0.699 0.903 1.123 1.364 1.626 1.909 2.214 2.540 2.883 3.241 3.609 3.982 4.353 4.717 5.065 5.390 5.685 5.944 6.159 6.325 6.439 6.496 6.496 6.439 6.325 6.159 5.943 5.685 5.389 5.063 4.714 4.350 3.977 3.603 3.232 2.872 2.524 2.194 1.882 1.591 1.319 1.066 0.830 0.609 0.399 0.198 0.000
 0.000 0.121 0.245 0.375 0.513 0.662 0.824 1.001 1.193 1.401 1.625 1.863 2.115 2.378 2.648 2.921 3.194 3.461 3.716 3.955 4.172 4.361 4.519 4.641 4.724 4.767 4.767 4.724 4.641 4.519 4.361 4.171 3.954 3.715 3.459 3.192 2.918 2.643 2.372 2.107 1.852 1.610 1.381 1.167 0.968 0.782 0.609 0.447 0.293 0.145 0.000
 0.000 0.079 0.161 0.246 0.336 0.434 0.540 0.656 0.782 0.919 1.065 1.222 1.387 1.560 1.737 1.916 2.095 2.270 2.437 2.594 2.736 2.860 2.964 3.044 3.099 3.126 3.126 3.099 3.044 2.964 2.860 2.736 2.593 2.436 2.269 2.093 1.914 1.734 1.555 1.382 1.215 1.056 0.906 0.765 0.635 0.513 0.399 0.293 0.192 0.095 0.000
 0.000 0.039 0.080 0.122 0.166 0.215 0.267 0.325 0.387 0.455 0.527 0.605 0.687 0.772 0.860 0.948 1.037 1.123 1.206 1.284 1.354 1.416 1.467 1.507 1.534 1.548 1.547 1.534 1.507 1.467 1.416 1.354 1.284 1.206 1.123 1.036 0.947 0.858 0.770 0.684 0.601 0.522 0.448 0.379 0.314 0.254 0.198 0.145 0.095 0.047 0.000
 0.000 0.000 0.000 0.000 0.000 0.000 0.000 0.000 0.000 0.000 0.000 0.000 0.000 0.000 0.000 0.000 0.000 0.000 0.000 0.000 0.000 0.000 0.000 0.000 0.000 0.000 0.000 0.000 0.000 0.000 0.000 0.000 0.000 0.000 0.000 0.000 0.000 0.000 0.000 0.000 0.000 0.000 0.000 0.000 0.000 0.000 0.000 0.000 0.000 0.000 0.000
