51 51
 100.000 100.000 100.000 100.000 100.000 100.000 100.000 100.000 100.000 100.000 100.000 100.000 100.000 100.000 100.000 100.000 100.000 100.000 100.000 100.000 100.000 100.000 100.000 100.000 100.000 100.000 100.000 100.000 100.000 100.000 100.000 100.000 100.000 100.000 100.000 100.000 100.000 100.000 100.000 100.000 100.000 100.000 100.000 100.000 100.000 100.000 100.000 100.000 100.000 100.000 100.000
 0.000 49.869 69.504 78.668 83.629 86.638 88.622 90.011 91.026 91.791 92.384 92.852 93.227 93.531 93.780 93.984 94.148 94.282 94.401 94.493 94.568 94.635 94.682 94.715 94.736 94.738 94.741 94.719 94.698 94.657 94.601 94.528 94.437 94.326 94.189 94.021 93.817 93.568 93.266 92.892 92.424 91.827 91.059 90.040 88.648 86.659 83.645 78.680 69.511 49.873 0.000
 0.000 29.974 49.480 61.548 69.216 74.311 77.851 80.408 82.313 83.771 84.909 85.814 86.542 87.134 87.621 88.023 88.346 88.622 88.850 89.035 89.186 89.306 89.398 89.461 89.505 89.522 89.507 89.484 89.431 89.350 89.239 89.095 88.916 88.695 88.425 88.098 87.700 87.213 86.621 85.891 84.988 83.843 82.375 80.468 77.904 74.354 69.250 61.571 49.494 29.981 0.000
 0.000 20.549 36.893 48.832 57.385 63.553 68.082 71.480 74.075 76.099 77.700 78.986 80.027 80.880 81.577 82.162 82.640 83.044 83.377 83.649 83.877 84.046 84.184 84.280 84.343 84.367 84.359 84.314 84.235 84.108 83.953 83.740 83.474 83.151 82.756 82.283 81.707 81.007 80.153 79.104 77.817 76.205 74.169 71.565 68.162 63.617 57.440 48.877 36.920 20.563 0.000
 0.000 15.335 28.718 39.529 47.965 54.454 59.469 63.378 66.448 68.889 70.851 72.446 73.752 74.826 75.718 76.458 77.081 77.593 78.026 78.380 78.668 78.898 79.074 79.199 79.281 79.316 79.306 79.247 79.143 78.987 78.775 78.499 78.159 77.740 77.226 76.625 75.889 74.999 73.922 72.613 71.013 69.040 66.584 63.490 59.583 54.550 48.035 39.588 28.758 15.353 0.000
 0.000 12.078 23.128 32.627 40.490 46.873 52.011 56.155 59.498 62.214 64.431 66.258 67.770 69.024 70.078 70.957 71.693 72.306 72.831 73.258 73.605 73.885 74.099 74.252 74.350 74.392 74.380 74.309 74.180 73.994 73.741 73.411 73.001 72.500 71.895 71.170 70.295 69.245 67.967 66.470 64.633 62.403 59.665 56.311 52.151 46.993 40.585 32.698 23.181 12.103 0.000
 0.000 9.854 19.109 27.383 34.533 40.569 45.606 49.780 53.236 56.101 58.483 60.469 62.130 63.522 64.701 65.692 66.515 67.222 67.826 68.313 68.710 69.035 69.286 69.463 69.572 69.619 69.611 69.527 69.375 69.163 68.875 68.498 68.027 67.455 66.770 65.947 64.962 63.787 62.388 60.721 58.726 56.329 53.439 49.969 45.773 40.716 34.655 27.482 19.175 9.885 0.000
 0.000 8.236 16.097 23.312 29.731 35.318 40.112 44.185 47.624 50.547 52.999 55.090 56.849 58.345 59.603 60.680 61.605 62.378 63.032 63.569 64.014 64.378 64.656 64.849 64.949 65.039 65.029 64.938 64.774 64.534 64.209 63.789 63.267 62.633 61.883 60.985 59.916 58.649 57.151 55.382 53.292 50.812 47.876 44.402 40.305 35.486 29.868 23.419 16.171 8.272 0.000
 0.000 7.002 13.753 20.065 25.802 30.912 35.395 39.287 42.646 45.536 48.012 50.131 51.947 53.491 54.809 55.974 56.949 57.780 58.482 59.065 59.547 59.937 60.236 60.454 60.593 60.663 60.648 60.548 60.373 60.095 59.759 59.306 58.749 58.073 57.266 56.304 55.176 53.846 52.283 50.461 48.333 45.840 42.931 39.545 35.621 31.104 25.958 20.185 13.838 7.043 0.000
 0.000 6.029 11.886 17.426 22.546 27.188 31.333 35.003 38.223 41.032 43.471 45.587 47.421 49.006 50.374 51.555 52.554 53.427 54.183 54.802 55.313 55.728 56.049 56.284 56.435 56.506 56.490 56.387 56.200 55.921 55.545 55.064 54.481 53.772 52.922 51.909 50.748 49.387 47.798 45.957 43.829 41.366 38.539 35.295 31.595 27.408 22.723 17.560 11.978 6.076 0.000
 0.000 5.242 10.360 15.245 19.817 24.018 27.829 31.250 34.299 36.992 39.358 41.432 43.263 44.853 46.238 47.439 48.481 49.381 50.148 50.793 51.326 51.759 52.098 52.345 52.504 52.577 52.548 52.456 52.260 51.968 51.577 51.081 50.474 49.741 48.866 47.830 46.641 45.271 43.681 41.851 39.757 37.369 34.649 31.572 28.120 24.266 20.012 15.397 10.462 5.294 0.000
 0.000 4.592 9.092 13.418 17.507 21.308 24.798 27.966 30.825 33.383 35.660 37.673 39.464 41.040 42.419 43.625 44.681 45.599 46.384 47.045 47.576 48.043 48.396 48.652 48.815 48.886 48.876 48.753 48.564 48.261 47.857 47.351 46.731 45.983 45.098 44.063 42.866 41.495 39.922 38.124 36.088 33.794 31.209 28.319 25.110 21.576 17.725 13.586 9.205 4.649 0.000
 0.000 4.048 8.026 11.872 15.534 18.971 22.164 25.091 27.752 30.168 32.340 34.282 36.017 37.541 38.902 40.116 41.171 42.095 42.891 43.564 44.123 44.584 44.947 45.211 45.379 45.451 45.441 45.334 45.124 44.811 44.398 43.884 43.258 42.502 41.613 40.583 39.394 38.043 36.504 34.754 32.798 30.608 28.162 25.465 22.497 19.261 15.771 12.054 8.149 4.110 0.000
 0.000 3.588 7.124 10.557 13.847 16.958 19.870 22.566 25.043 27.306 29.364 31.221 32.892 34.388 35.720 36.904 37.950 38.870 39.667 40.347 40.915 41.381 41.749 42.016 42.180 42.273 42.260 42.148 41.935 41.618 41.204 40.674 40.050 39.292 38.410 37.394 36.227 34.905 33.411 31.728 29.847 27.772 25.478 22.961 20.220 17.260 14.094 10.746 7.252 3.654 0.000
 0.000 3.196 6.352 9.427 12.389 15.208 17.864 20.346 22.647 24.765 26.704 28.467 30.053 31.516 32.812 33.973 35.004 35.913 36.706 37.386 37.961 38.431 38.802 39.073 39.253 39.323 39.321 39.207 38.994 38.676 38.266 37.742 37.112 36.357 35.489 34.486 33.345 32.057 30.616 29.004 27.212 25.248 23.100 20.760 18.232 15.524 12.647 9.626 6.487 3.265 0.000
 0.000 2.860 5.688 8.453 11.126 13.683 16.108 18.394 20.528 22.507 24.332 26.004 27.535 28.927 30.184 31.313 32.322 33.215 33.998 34.669 35.250 35.724 36.095 36.364 36.549 36.634 36.619 36.504 36.292 35.980 35.567 35.047 34.421 33.678 32.825 31.842 30.732 29.487 28.099 26.560 24.866 23.013 20.997 18.823 16.493 14.013 11.394 8.659 5.828 2.931 0.000
 0.000 2.571 5.115 7.611 10.031 12.357 14.574 16.681 18.660 20.500 22.222 23.807 25.265 26.600 27.812 28.908 29.892 30.767 31.538 32.205 32.778 33.250 33.624 33.898 34.073 34.162 34.148 34.034 33.824 33.515 33.104 32.590 31.973 31.247 30.409 29.446 28.373 27.173 25.841 24.366 22.771 21.023 19.137 17.120 14.970 12.696 10.308 7.822 5.260 2.643 0.000
 0.000 2.321 4.622 6.882 9.081 11.204 13.238 15.180 17.014 18.736 20.349 21.849 23.237 24.513 25.679 26.740 27.697 28.552 29.307 29.963 30.525 30.994 31.371 31.647 31.827 31.911 31.895 31.783 31.575 31.270 30.865 30.359 29.753 29.042 28.225 27.295 26.254 25.096 23.818 22.421 20.905 19.264 17.504 15.622 13.641 11.548 9.367 7.096 4.767 2.394 0.000
 0.000 2.105 4.193 6.247 8.254 10.199 12.071 13.864 15.566 17.173 18.689 20.108 21.428 22.646 23.765 24.791 25.721 26.554 27.293 27.939 28.493 28.958 29.322 29.595 29.779 29.863 29.847 29.738 29.534 29.234 28.834 28.338 27.743 27.047 26.252 25.352 24.347 23.234 22.011 20.683 19.249 17.708 16.061 14.312 12.473 10.544 8.536 6.463 4.339 2.179 0.000
 0.000 1.915 3.820 5.696 7.537 9.324 11.051 12.712 14.295 15.797 17.220 18.563 19.817 20.979 22.049 23.042 23.945 24.757 25.481 26.115 26.660 27.103 27.478 27.747 27.911 28.006 27.993 27.886 27.685 27.388 26.992 26.507 25.925 25.243 24.471 23.601 22.625 21.564 20.397 19.134 17.778 16.327 14.786 13.157 11.449 9.664 7.815 5.912 3.965 1.991 0.000
 0.000 1.753 3.496 5.216 6.910 8.543 10.156 11.689 13.176 14.585 15.925 17.194 18.377 19.495 20.524 21.479 22.353 23.143 23.848 24.469 25.003 25.449 25.805 26.072 26.244 26.327 26.315 26.210 26.012 25.719 25.330 24.854 24.285 23.621 22.867 22.024 21.087 20.069 18.955 17.753 16.466 15.104 13.658 12.139 10.548 8.886 7.185 5.431 3.641 1.827 0.000
 0.000 1.613 3.214 4.801 6.362 7.886 9.368 10.804 12.189 13.515 14.779 15.981 17.113 18.159 19.162 20.071 20.927 21.693 22.378 22.984 23.506 23.942 24.287 24.550 24.724 24.807 24.793 24.691 24.496 24.208 23.828 23.361 22.803 22.158 21.425 20.608 19.711 18.732 17.668 16.525 15.309 14.018 12.658 11.240 9.755 8.210 6.627 5.010 3.357 1.684 0.000
 0.000 1.498 2.972 4.438 5.883 7.301 8.684 10.025 11.322 12.570 13.763 14.903 15.982 16.997 17.948 18.833 19.647 20.389 21.054 21.643 22.154 22.581 22.922 23.177 23.343 23.420 23.412 23.312 23.120 22.838 22.467 22.009 21.465 20.839 20.129 19.340 18.475 17.532 16.511 15.428 14.272 13.052 11.771 10.438 9.052 7.619 6.147 4.640 3.108 1.559 0.000
 0.000 1.383 2.756 4.121 5.467 6.789 8.080 9.337 10.555 11.720 12.858 13.943 14.974 15.935 16.859 17.709 18.493 19.209 19.855 20.428 20.928 21.345 21.679 21.928 22.089 22.162 22.153 22.053 21.865 21.590 21.228 20.782 20.252 19.643 18.956 18.193 17.357 16.451 15.480 14.444 13.346 12.191 10.983 9.728 8.429 7.084 5.717 4.314 2.889 1.449 0.000
 0.000 1.288 2.571 3.844 5.101 6.335 7.545 8.725 9.876 10.987 12.058 13.088 14.072 15.001 15.876 16.696 17.450 18.147 18.776 19.332 19.816 20.220 20.544 20.785 20.942 21.015 21.004 20.903 20.717 20.448 20.096 19.662 19.148 18.556 17.889 17.153 16.348 15.477 14.547 13.559 12.518 11.421 10.279 9.096 7.877 6.625 5.338 4.026 2.695 1.351 0.000
 0.000 1.206 2.407 3.600 4.779 5.938 7.075 8.188 9.273 10.325 11.342 12.318 13.257 14.149 14.985 15.781 16.513 17.184 17.793 18.330 18.796 19.186 19.501 19.736 19.888 19.961 19.948 19.846 19.662 19.399 19.058 18.636 18.136 17.561 16.915 16.206 15.430 14.595 13.703 12.762 11.778 10.731 9.648 8.531 7.385 6.212 5.001 3.768 2.521 1.264 0.000
 0.000 1.134 2.263 3.382 4.491 5.583 6.661 7.706 8.732 9.730 10.698 11.631 12.524 13.378 14.186 14.944 15.650 16.299 16.888 17.406 17.856 18.233 18.538 18.767 18.912 18.982 18.963 18.861 18.681 18.425 18.093 17.681 17.193 16.636 16.015 15.331 14.587 13.785 12.932 12.044 11.090 10.104 9.080 8.021 6.937 5.829 4.691 3.535 2.365 1.186 0.000
 0.000 1.071 2.135 3.191 4.235 5.264 6.277 7.270 8.243 9.190 10.110 11.000 11.854 12.670 13.445 14.175 14.853 15.478 16.045 16.544 16.978 17.343 17.634 17.852 17.991 18.054 18.036 17.939 17.764 17.513 17.184 16.798 16.311 15.776 15.186 14.529 13.811 13.036 12.220 11.363 10.465 9.531 8.565 7.557 6.531 5.491 4.412 3.324 2.225 1.116 0.000
 0.000 1.014 2.018 3.015 4.001 4.976 5.937 6.874 7.797 8.695 9.571 10.418 11.235 12.012 12.757 13.458 14.108 14.708 15.251 15.732 16.150 16.502 16.781 16.996 17.126 17.181 17.162 17.067 16.894 16.645 16.325 15.936 15.482 14.967 14.392 13.770 13.070 12.334 11.556 10.740 9.885 9.009 8.088 7.128 6.167 5.191 4.158 3.131 2.096 1.052 0.000
 0.000 0.961 1.910 2.852 3.787 4.712 5.625 6.510 7.385 8.238 9.083 9.876 10.653 11.398 12.108 12.778 13.401 13.977 14.498 14.964 15.366 15.707 15.970 16.167 16.300 16.352 16.325 16.233 16.063 15.818 15.508 15.132 14.695 14.199 13.646 13.037 12.376 11.672 10.929 10.151 9.338 8.494 7.623 6.723 5.813 4.885 3.925 2.953 1.977 0.992 0.000
 0.000 0.911 1.808 2.700 3.585 4.458 5.320 6.170 6.993 7.803 8.600 9.367 10.113 10.814 11.492 12.131 12.727 13.279 13.780 14.231 14.627 14.932 15.187 15.373 15.490 15.539 15.513 15.420 15.255 15.020 14.722 14.359 13.939 13.462 12.931 12.352 11.716 11.043 10.335 9.596 8.821 8.017 7.189 6.341 5.475 4.593 3.694 2.785 1.867 0.938 0.000
 0.000 0.858 1.709 2.558 3.397 4.218 5.032 5.833 6.620 7.390 8.142 8.871 9.577 10.254 10.900 11.509 12.077 12.603 13.082 13.508 13.878 14.179 14.423 14.601 14.711 14.754 14.725 14.631 14.468 14.244 13.960 13.610 13.205 12.745 12.234 11.678 11.077 10.440 9.768 9.058 8.320 7.560 6.778 5.977 5.159 4.326 3.482 2.628 1.765 0.897 0.000
 0.000 0.809 1.615 2.417 3.211 3.989 4.758 5.516 6.261 6.991 7.705 8.397 9.067 9.712 10.326 10.904 11.443 11.943 12.400 12.800 13.153 13.439 13.672 13.847 13.949 13.982 13.951 13.858 13.698 13.494 13.208 12.872 12.486 12.044 11.557 11.031 10.454 9.847 9.209 8.541 7.841 7.122 6.384 5.628 4.859 4.073 3.279 2.477 1.663 0.835 0.000
 0.000 0.765 1.527 2.284 3.032 3.769 4.494 5.208 5.912 6.603 7.278 7.949 8.570 9.182 9.764 10.310 10.819 11.292 11.722 12.101 12.430 12.702 12.920 13.080 13.180 13.208 13.176 13.085 12.935 12.729 12.465 12.144 11.786 11.356 10.892 10.388 9.843 9.269 8.665 8.033 7.373 6.695 6.000 5.288 4.564 3.828 3.081 2.324 1.558 0.781 0.000
 0.000 0.723 1.442 2.156 2.860 3.555 4.236 4.908 5.570 6.220 6.857 7.476 8.077 8.660 9.204 9.719 10.200 10.647 11.054 11.414 11.723 11.972 12.173 12.321 12.413 12.440 12.408 12.320 12.177 11.980 11.728 11.433 11.072 10.674 10.237 9.758 9.244 8.701 8.131 7.533 6.912 6.275 5.623 4.955 4.276 3.587 2.886 2.177 1.458 0.732 0.000
 0.000 0.683 1.357 2.026 2.686 3.338 3.978 4.610 5.234 5.842 6.440 7.023 7.588 8.129 8.645 9.136 9.583 10.001 10.382 10.718 11.005 11.241 11.429 11.565 11.650 11.677 11.644 11.559 11.424 11.235 10.997 10.706 10.372 9.996 9.583 9.133 8.657 8.143 7.602 7.042 6.460 5.865 5.255 4.630 3.996 3.349 2.694 2.032 1.362 0.684 0.000
 0.000 0.638 1.271 1.896 2.513 3.122 3.721 4.313 4.895 5.465 6.040 6.573 7.102 7.605 8.085 8.539 8.963 9.354 9.709 10.021 10.289 10.510 10.683 10.811 10.889 10.910 10.878 10.798 10.669 10.489 10.262 9.989 9.675 9.322 8.934 8.512 8.060 7.584 7.079 6.556 6.013 5.457 4.887 4.307 3.715 3.115 2.508 1.892 1.268 0.637 0.000
 0.000 0.593 1.183 1.765 2.340 2.906 3.465 4.017 4.557 5.089 5.613 6.120 6.609 7.077 7.524 7.946 8.341 8.704 9.034 9.323 9.572 9.775 9.935 10.054 10.121 10.139 10.111 10.033 9.910 9.740 9.534 9.272 8.980 8.651 8.289 7.896 7.475 7.030 6.562 6.075 5.572 5.057 4.527 3.988 3.442 2.887 2.322 1.752 1.176 0.591 0.000
 0.000 0.550 1.096 1.635 2.167 2.691 3.211 3.722 4.220 4.712 5.197 5.662 6.115 6.547 6.961 7.351 7.712 8.047 8.351 8.618 8.847 9.036 9.184 9.289 9.351 9.367 9.339 9.266 9.151 8.992 8.795 8.559 8.287 7.982 7.646 7.282 6.894 6.484 6.050 5.600 5.137 4.662 4.171 3.673 3.170 2.660 2.139 1.614 1.085 0.545 0.000
 0.000 0.507 1.010 1.504 1.992 2.475 2.959 3.422 3.880 4.333 4.773 5.201 5.616 6.013 6.392 6.750 7.082 7.388 7.666 7.911 8.120 8.294 8.434 8.527 8.582 8.595 8.567 8.499 8.409 8.247 8.064 7.848 7.597 7.316 7.006 6.670 6.312 5.936 5.539 5.129 4.701 4.266 3.815 3.360 2.900 2.432 1.956 1.476 0.995 0.499 0.000
 0.000 0.461 0.919 1.370 1.816 2.257 2.696 3.119 3.539 3.948 4.349 4.755 5.119 5.480 5.824 6.149 6.463 6.729 6.983 7.206 7.405 7.549 7.674 7.763 7.811 7.823 7.797 7.731 7.636 7.503 7.336 7.144 6.910 6.652 6.376 6.059 5.733 5.393 5.029 4.659 4.268 3.869 3.461 3.048 2.629 2.204 1.785 1.338 0.898 0.453 0.000
 0.000 0.415 0.828 1.237 1.641 2.040 2.431 2.816 3.194 3.576 3.925 4.277 4.616 4.944 5.254 5.543 5.815 6.065 6.295 6.494 6.664 6.804 6.917 6.996 7.040 7.058 7.037 6.973 6.886 6.757 6.603 6.425 6.217 5.985 5.727 5.449 5.156 4.846 4.521 4.186 3.835 3.478 3.110 2.739 2.363 1.979 1.592 1.203 0.803 0.403 0.000
 0.000 0.370 0.738 1.103 1.464 1.820 2.169 2.513 2.849 3.184 3.504 3.813 4.113 4.404 4.686 4.938 5.179 5.401 5.603 5.779 5.930 6.053 6.151 6.223 6.285 6.280 6.249 6.200 6.117 6.016 5.877 5.726 5.525 5.338 5.091 4.842 4.587 4.305 4.015 3.714 3.404 3.085 2.760 2.430 2.096 1.757 1.413 1.065 0.712 0.356 0.000
 0.000 0.326 0.650 0.971 1.286 1.598 1.906 2.206 2.501 2.792 3.074 3.347 3.609 3.862 4.104 4.331 4.543 4.738 4.912 5.064 5.195 5.302 5.387 5.453 5.485 5.488 5.466 5.420 5.349 5.260 5.141 4.996 4.832 4.652 4.452 4.236 4.009 3.767 3.512 3.247 2.974 2.695 2.411 2.124 1.837 1.540 1.238 0.932 0.623 0.312 0.000
 0.000 0.282 0.573 0.838 1.108 1.377 1.644 1.900 2.153 2.404 2.644 2.876 3.102 3.319 3.526 3.722 3.912 4.072 4.218 4.348 4.462 4.553 4.628 4.693 4.712 4.708 4.686 4.646 4.586 4.507 4.417 4.281 4.142 3.988 3.831 3.632 3.452 3.227 3.008 2.779 2.545 2.307 2.063 1.817 1.571 1.318 1.060 0.798 0.533 0.267 0.000
 0.000 0.237 0.472 0.705 0.927 1.151 1.374 1.589 1.799 2.008 2.212 2.405 2.596 2.773 2.944 3.109 3.262 3.407 3.522 3.630 3.724 3.800 3.860 3.909 3.925 3.927 3.907 3.873 3.828 3.761 3.670 3.567 3.452 3.324 3.179 3.023 2.868 2.684 2.502 2.313 2.119 1.920 1.717 1.511 1.304 1.096 0.879 0.664 0.444 0.223 0.000
 0.000 0.189 0.379 0.588 0.745 0.924 1.102 1.274 1.442 1.607 1.772 1.931 2.082 2.223 2.361 2.496 2.613 2.723 2.821 2.910 2.983 3.043 3.089 3.123 3.138 3.140 3.126 3.100 3.060 3.011 2.936 2.854 2.765 2.666 2.544 2.417 2.285 2.145 1.999 1.849 1.694 1.533 1.371 1.207 1.041 0.873 0.705 0.538 0.356 0.180 0.000
 0.000 0.142 0.284 0.427 0.560 0.698 0.827 0.956 1.097 1.208 1.332 1.452 1.568 1.672 1.774 1.872 1.961 2.043 2.117 2.184 2.240 2.288 2.320 2.343 2.355 2.357 2.349 2.332 2.298 2.255 2.203 2.142 2.074 2.002 1.909 1.812 1.713 1.608 1.498 1.391 1.269 1.148 1.026 0.904 0.780 0.655 0.535 0.400 0.268 0.138 0.000
 0.000 0.096 0.191 0.283 0.373 0.462 0.551 0.638 0.738 0.808 0.892 0.973 1.055 1.118 1.185 1.252 1.328 1.365 1.413 1.475 1.501 1.536 1.552 1.582 1.573 1.575 1.571 1.560 1.541 1.506 1.472 1.430 1.383 1.330 1.272 1.209 1.143 1.073 0.998 0.923 0.850 0.766 0.684 0.604 0.520 0.435 0.353 0.266 0.179 0.091 0.000
 0.000 0.057 0.105 0.142 0.186 0.231 0.276 0.333 0.367 0.406 0.447 0.488 0.526 0.574 0.595 0.629 0.659 0.684 0.708 0.733 0.756 0.773 0.794 0.786 0.790 0.792 0.789 0.782 0.770 0.754 0.742 0.717 0.693 0.667 0.641 0.606 0.573 0.539 0.500 0.467 0.423 0.386 0.343 0.304 0.262 0.219 0.176 0.133 0.089 0.045 0.000
 0.000 0.000 0.000 0.000 0.000 0.000 0.000 0.000 0.000 0.000 0.000 0.000 0.000 0.000 0.000 0.000 0.000 0.000 0.000 0.000 0.000 0.000 0.000 0.000 0.000 0.000 0.000 0.000 0.000 0.000 0.000 0.000 0.000 0.000 0.000 0.000 0.000 0.000 0.000 0.000 0.000 0.000 0.000 0.000 0.000 0.000 0.000 0.000 0.000 0.000 0.000
