51 51
 100.000 100.000 100.000 100.000 100.000 100.000 100.000 100.000 100.000 100.000 100.000 100.000 100.000 100.000 100.000 100.000 100.000 100.000 100.000 100.000 100.000 100.000 100.000 100.000 100.000 100.000 100.000 100.000 100.000 100.000 100.000 100.000 100.000 100.000 100.000 100.000 100.000 100.000 100.000 100.000 100.000 100.000 100.000 100.000 100.000 100.000 100.000 100.000 100.000 100.000 100.000
 0.000 49.859 69.483 78.641 83.594 86.595 88.572 89.954 90.962 91.722 92.308 92.771 93.140 93.438 93.682 93.882 94.060 94.184 94.297 94.389 94.463 94.523 94.573 94.611 94.625 94.634 94.632 94.617 94.590 94.549 94.494 94.416 94.334 94.225 94.090 93.927 93.727 93.482 93.184 92.813 92.349 91.761 90.999 89.987 88.602 86.621 83.615 78.659 69.498 49.868 0.000
 0.000 29.953 49.437 61.492 69.144 74.224 77.750 80.293 82.186 83.631 84.759 85.652 86.369 86.950 87.429 87.821 88.146 88.416 88.637 88.820 88.964 89.088 89.180 89.245 89.286 89.305 89.300 89.264 89.218 89.136 89.027 88.888 88.713 88.496 88.232 87.911 87.517 87.037 86.459 85.739 84.846 83.714 82.261 80.360 77.810 74.275 69.188 61.528 49.465 29.968 0.000
 0.000 20.520 36.836 48.753 57.280 63.426 67.933 71.308 73.887 75.891 77.478 78.747 79.769 80.612 81.303 81.873 82.347 82.740 83.063 83.335 83.554 83.725 83.861 83.958 84.017 84.048 84.040 83.996 83.911 83.797 83.631 83.434 83.173 82.856 82.474 82.010 81.439 80.747 79.909 78.879 77.608 76.017 74.001 71.407 68.023 63.501 57.348 48.808 36.873 20.540 0.000
 0.000 15.299 28.643 39.428 47.825 54.292 59.279 63.157 66.203 68.622 70.564 72.139 73.424 74.482 75.358 76.087 76.695 77.201 77.621 77.971 78.254 78.479 78.653 78.779 78.861 78.897 78.886 78.828 78.726 78.571 78.366 78.101 77.770 77.361 76.867 76.267 75.540 74.663 73.601 72.309 70.735 68.785 66.356 63.284 59.398 54.400 47.917 39.500 28.698 15.319 0.000
 0.000 12.037 23.049 32.507 40.331 46.669 51.779 55.887 59.201 61.889 64.083 65.886 67.375 68.611 69.641 70.505 71.229 71.832 72.335 72.756 73.099 73.373 73.585 73.735 73.841 73.884 73.870 73.801 73.675 73.490 73.243 72.922 72.524 72.033 71.445 70.733 69.873 68.842 67.598 66.107 64.299 62.088 59.392 56.055 51.927 46.804 40.433 32.589 23.105 12.067 0.000
 0.000 9.807 19.020 27.250 34.351 40.341 45.328 49.468 52.890 55.722 58.072 60.022 61.668 63.039 64.191 65.166 65.987 66.674 67.253 67.703 68.124 68.431 68.694 68.873 68.978 69.026 69.021 68.941 68.801 68.591 68.306 67.938 67.468 66.904 66.245 65.437 64.469 63.320 61.931 60.302 58.337 55.971 53.124 49.680 45.522 40.502 34.481 27.353 19.090 9.843 0.000
 0.000 8.183 15.992 23.152 29.521 35.059 39.804 43.838 47.246 50.123 52.550 54.600 56.332 57.798 59.043 60.104 61.003 61.762 62.404 62.936 63.375 63.729 64.006 64.207 64.336 64.389 64.368 64.258 64.107 63.891 63.575 63.167 62.663 62.045 61.307 60.422 59.369 58.126 56.652 54.920 52.864 50.422 47.526 44.091 40.024 35.252 29.677 23.274 16.074 8.224 0.000
 0.000 6.944 13.639 19.887 25.568 30.622 35.059 38.908 42.221 45.070 47.507 49.594 51.364 52.881 54.215 55.336 56.293 57.108 57.800 58.377 58.852 59.235 59.536 59.758 59.899 59.958 59.936 59.843 59.653 59.417 59.076 58.615 58.089 57.423 56.636 55.695 54.587 53.283 51.751 49.965 47.870 45.416 42.547 39.203 35.320 30.848 25.748 20.025 13.730 6.994 0.000
 0.000 5.967 11.761 17.238 22.298 26.883 30.980 34.598 37.763 40.530 42.925 44.999 46.787 48.362 49.716 50.875 51.873 52.729 53.458 54.071 54.576 54.983 55.305 55.543 55.698 55.760 55.731 55.644 55.469 55.196 54.831 54.347 53.785 53.084 52.255 51.266 50.127 48.790 47.229 45.426 43.338 40.922 38.133 34.930 31.270 27.130 22.499 17.392 11.864 6.018 0.000
 0.000 5.177 10.229 15.050 19.558 23.701 27.460 30.830 33.821 36.470 38.798 40.835 42.612 44.174 45.533 46.730 47.754 48.638 49.394 50.031 50.564 50.993 51.327 51.569 51.742 51.817 51.794 51.701 51.509 51.220 50.840 50.354 49.753 49.029 48.162 47.151 46.000 44.655 43.092 41.293 39.242 36.901 34.227 31.195 27.777 23.970 19.781 15.216 10.343 5.226 0.000
 0.000 4.525 8.958 13.219 17.240 20.979 24.414 27.530 30.325 32.842 35.080 37.059 38.804 40.353 41.715 42.902 43.937 44.838 45.610 46.259 46.818 47.265 47.614 47.867 48.042 48.127 48.110 48.009 47.803 47.512 47.119 46.619 46.004 45.268 44.401 43.383 42.210 40.868 39.326 37.562 35.553 33.311 30.773 27.926 24.757 21.279 17.487 13.395 9.081 4.586 0.000
 0.000 3.980 7.890 11.673 15.268 18.640 21.769 24.647 27.257 29.622 31.750 33.638 35.344 36.863 38.208 39.390 40.429 41.336 42.121 42.789 43.346 43.793 44.162 44.426 44.604 44.684 44.686 44.584 44.380 44.082 43.678 43.166 42.541 41.798 40.907 39.912 38.723 37.420 35.909 34.195 32.268 30.123 27.726 25.068 22.134 18.965 15.532 11.872 8.025 4.045 0.000
 0.000 3.518 6.989 10.357 13.579 16.624 19.475 22.120 24.546 26.761 28.776 30.598 32.234 33.705 35.020 36.186 37.218 38.122 38.915 39.592 40.163 40.629 41.000 41.271 41.444 41.533 41.525 41.421 41.213 40.910 40.504 39.975 39.358 38.614 37.744 36.741 35.589 34.290 32.819 31.172 29.331 27.293 25.039 22.568 19.874 16.964 13.857 10.567 7.130 3.584 0.000
 0.000 3.127 6.216 9.228 12.125 14.882 17.480 19.908 22.156 24.225 26.129 27.864 29.434 30.851 32.129 33.267 34.294 35.177 35.962 36.656 37.238 37.712 38.084 38.364 38.544 38.619 38.617 38.512 38.285 37.988 37.591 37.078 36.437 35.708 34.840 33.858 32.735 31.467 30.043 28.461 26.709 24.782 22.667 20.377 17.898 15.239 12.417 9.449 6.361 3.197 0.000
 0.000 2.792 5.549 8.255 10.860 13.372 15.742 17.971 20.054 21.989 23.779 25.424 26.925 28.289 29.526 30.634 31.645 32.537 33.320 33.994 34.557 35.049 35.416 35.705 35.881 35.974 35.963 35.858 35.650 35.333 34.937 34.428 33.805 33.053 32.219 31.237 30.157 28.929 27.559 26.047 24.382 22.558 20.589 18.460 16.173 13.742 11.175 8.490 5.712 2.871 0.000
 0.000 2.509 4.988 7.422 9.777 12.059 14.227 16.277 18.209 20.017 21.699 23.254 24.686 25.997 27.192 28.262 29.257 30.134 30.906 31.575 32.152 32.630 33.009 33.290 33.472 33.561 33.551 33.432 33.241 32.932 32.530 32.023 31.404 30.673 29.844 28.903 27.841 26.654 25.339 23.896 22.315 20.590 18.755 16.778 14.667 12.440 10.100 7.663 5.150 2.588 0.000
 0.000 2.262 4.499 6.699 8.846 10.923 12.911 14.801 16.593 18.281 19.859 21.331 22.694 23.949 25.095 26.146 27.105 27.966 28.735 29.398 29.969 30.444 30.822 31.101 31.285 31.376 31.369 31.264 31.062 30.758 30.356 29.852 29.244 28.529 27.715 26.795 25.769 24.618 23.359 21.982 20.487 18.871 17.147 15.307 13.358 11.309 9.167 6.947 4.665 2.343 0.000
 0.000 2.050 4.080 6.081 8.038 9.936 11.765 13.510 15.175 16.752 18.232 19.629 20.927 22.127 23.236 24.253 25.196 26.037 26.785 27.441 28.005 28.475 28.849 29.126 29.311 29.395 29.399 29.295 29.092 28.791 28.392 27.895 27.297 26.599 25.801 24.903 23.904 22.801 21.595 20.283 18.865 17.342 15.728 14.007 12.212 10.314 8.356 6.326 4.245 2.132 0.000
 0.000 1.866 3.714 5.544 7.335 9.076 10.762 12.382 13.933 15.411 16.811 18.128 19.366 20.518 21.588 22.571 23.481 24.304 25.037 25.684 26.240 26.705 27.076 27.352 27.536 27.627 27.621 27.516 27.315 27.017 26.621 26.131 25.545 24.862 24.083 23.208 22.242 21.181 20.026 18.775 17.431 15.994 14.481 12.885 11.208 9.460 7.649 5.786 3.879 1.948 0.000
 0.000 1.705 3.400 5.078 6.712 8.332 9.887 11.399 12.847 14.231 15.554 16.797 17.985 19.092 20.125 21.075 21.955 22.757 23.475 24.109 24.655 25.114 25.481 25.755 25.933 26.022 26.016 25.912 25.714 25.419 25.027 24.542 23.970 23.303 22.543 21.695 20.759 19.737 18.631 17.439 16.164 14.809 13.386 11.894 10.330 8.707 7.035 5.318 3.565 1.789 0.000
 0.000 1.569 3.130 4.675 6.196 7.684 9.134 10.535 11.898 13.204 14.452 15.636 16.763 17.833 18.827 19.749 20.602 21.379 22.076 22.697 23.232 23.684 24.045 24.315 24.492 24.578 24.572 24.469 24.272 23.980 23.594 23.115 22.557 21.898 21.164 20.339 19.433 18.450 17.390 16.253 15.038 13.758 12.411 11.021 9.560 8.049 6.500 4.910 3.291 1.651 0.000
 0.000 1.451 2.895 4.323 5.734 7.120 8.473 9.789 11.067 12.299 13.480 14.608 15.691 16.711 17.663 18.558 19.392 20.147 20.828 21.432 21.956 22.396 22.750 23.016 23.190 23.274 23.268 23.166 22.969 22.681 22.302 21.836 21.283 20.641 19.925 19.123 18.247 17.304 16.285 15.199 14.047 12.834 11.568 10.250 8.882 7.474 6.029 4.551 3.048 1.530 0.000
 0.000 1.349 2.695 4.022 5.335 6.630 7.898 9.135 10.337 11.496 12.622 13.700 14.733 15.712 16.635 17.499 18.303 19.037 19.701 20.290 20.802 21.231 21.577 21.837 22.009 22.092 22.085 21.981 21.786 21.502 21.130 20.670 20.131 19.509 18.808 18.034 17.189 16.281 15.298 14.258 13.162 12.010 10.812 9.570 8.286 6.955 5.614 4.235 2.836 1.422 0.000
 0.000 1.260 2.523 3.761 4.986 6.192 7.392 8.554 9.689 10.796 11.861 12.891 13.880 14.819 15.709 16.544 17.321 18.034 18.680 19.254 19.751 20.172 20.509 20.763 20.930 21.009 20.998 20.896 20.704 20.426 20.061 19.613 19.085 18.478 17.797 17.046 16.227 15.351 14.409 13.414 12.369 11.273 10.126 8.965 7.757 6.517 5.246 3.957 2.649 1.329 0.000
 0.000 1.183 2.363 3.528 4.682 5.822 6.946 8.048 9.122 10.169 11.184 12.166 13.113 14.016 14.872 15.679 16.430 17.119 17.749 18.321 18.794 19.202 19.530 19.776 19.937 20.011 19.997 19.896 19.708 19.434 19.078 18.641 18.124 17.534 16.872 16.144 15.353 14.506 13.603 12.650 11.654 10.614 9.537 8.426 7.285 6.117 4.924 3.712 2.485 1.248 0.000
 0.000 1.113 2.229 3.321 4.411 5.487 6.548 7.590 8.609 9.605 10.575 11.514 12.419 13.286 14.111 14.889 15.615 16.287 16.892 17.434 17.906 18.305 18.621 18.859 19.014 19.083 19.066 18.966 18.781 18.512 18.164 17.738 17.233 16.658 16.017 15.313 14.550 13.734 12.869 11.958 11.004 10.014 8.990 7.938 6.859 5.757 4.634 3.492 2.337 1.172 0.000
 0.000 1.051 2.097 3.136 4.166 5.185 6.191 7.178 8.146 9.095 10.021 10.918 11.785 12.617 13.409 14.159 14.862 15.510 16.094 16.621 17.078 17.470 17.769 17.998 18.146 18.210 18.191 18.093 17.908 17.645 17.304 16.886 16.395 15.838 15.218 14.538 13.804 13.018 12.188 11.322 10.405 9.460 8.488 7.490 6.475 5.428 4.369 3.291 2.201 1.103 0.000
 0.000 0.994 1.985 2.969 3.944 4.910 5.863 6.801 7.731 8.629 9.516 10.367 11.196 11.996 12.758 13.477 14.152 14.775 15.341 15.849 16.293 16.661 16.956 17.183 17.319 17.381 17.356 17.259 17.076 16.817 16.484 16.076 15.600 15.061 14.462 13.808 13.101 12.347 11.552 10.717 9.845 8.946 8.022 7.075 6.109 5.126 4.129 3.107 2.078 1.041 0.000
 0.000 0.946 1.888 2.822 3.744 4.657 5.559 6.451 7.331 8.198 9.031 9.850 10.644 11.410 12.140 12.831 13.480 14.087 14.625 15.113 15.535 15.889 16.179 16.385 16.518 16.573 16.549 16.452 16.272 16.020 15.696 15.299 14.838 14.316 13.739 13.118 12.431 11.710 10.948 10.149 9.317 8.461 7.583 6.685 5.771 4.840 3.894 2.933 1.964 0.983 0.000
 0.000 0.906 1.791 2.680 3.556 4.417 5.273 6.125 6.964 7.778 8.578 9.360 10.117 10.849 11.546 12.211 12.849 13.430 13.936 14.396 14.800 15.140 15.411 15.612 15.739 15.789 15.765 15.675 15.492 15.245 14.932 14.547 14.100 13.597 13.042 12.441 11.790 11.101 10.370 9.606 8.825 8.000 7.167 6.317 5.452 4.568 3.672 2.766 1.856 0.929 0.000
 0.000 0.854 1.712 2.546 3.365 4.187 5.003 5.814 6.606 7.382 8.144 8.893 9.615 10.314 10.972 11.622 12.203 12.752 13.261 13.691 14.080 14.406 14.663 14.853 14.972 15.017 14.994 14.892 14.721 14.482 14.178 13.808 13.380 12.900 12.362 11.786 11.163 10.503 9.807 9.082 8.329 7.557 6.767 5.963 5.144 4.307 3.461 2.606 1.745 0.874 0.000
 0.000 0.806 1.605 2.398 3.185 3.965 4.739 5.504 6.258 6.998 7.720 8.425 9.111 9.772 10.408 11.016 11.581 12.101 12.573 12.996 13.367 13.677 13.920 14.099 14.210 14.250 14.220 14.142 13.960 13.729 13.437 13.078 12.668 12.206 11.695 11.148 10.553 9.920 9.259 8.571 7.859 7.126 6.379 5.619 4.846 4.057 3.260 2.454 1.642 0.823 0.000
 0.000 0.763 1.519 2.267 3.011 3.750 4.481 5.204 5.934 6.620 7.323 7.988 8.623 9.249 9.850 10.426 10.962 11.456 11.903 12.304 12.660 12.946 13.179 13.349 13.451 13.486 13.453 13.358 13.217 12.982 12.705 12.357 11.968 11.526 11.035 10.507 9.942 9.344 8.719 8.071 7.405 6.705 5.998 5.283 4.558 3.815 3.067 2.310 1.544 0.775 0.000
 0.000 0.724 1.436 2.140 2.842 3.538 4.250 4.906 5.580 6.242 6.888 7.520 8.151 8.734 9.297 9.841 10.347 10.813 11.233 11.608 11.937 12.211 12.434 12.590 12.682 12.712 12.681 12.589 12.439 12.223 11.955 11.627 11.261 10.838 10.376 9.873 9.337 8.773 8.197 7.573 6.939 6.286 5.623 4.950 4.268 3.573 2.873 2.166 1.450 0.731 0.000
 0.000 0.682 1.351 2.013 2.675 3.328 3.972 4.611 5.244 5.867 6.477 7.076 7.650 8.214 8.740 9.250 9.727 10.167 10.561 10.912 11.220 11.476 11.676 11.823 11.907 11.936 11.908 11.828 11.668 11.464 11.210 10.900 10.549 10.155 9.716 9.241 8.738 8.208 7.657 7.088 6.485 5.873 5.251 4.622 3.983 3.335 2.680 2.020 1.357 0.690 0.000
 0.000 0.635 1.264 1.883 2.501 3.111 3.716 4.315 4.909 5.493 6.069 6.637 7.166 7.682 8.180 8.657 9.106 9.544 9.889 10.213 10.505 10.741 10.920 11.063 11.135 11.156 11.124 11.038 10.901 10.702 10.462 10.171 9.839 9.469 9.057 8.615 8.145 7.650 7.137 6.599 6.034 5.463 4.883 4.297 3.703 3.101 2.490 1.875 1.257 0.635 0.000
 0.000 0.592 1.182 1.782 2.354 2.899 3.464 4.019 4.572 5.115 5.648 6.172 6.669 7.151 7.615 8.057 8.488 8.862 9.201 9.500 9.763 9.983 10.152 10.278 10.348 10.369 10.338 10.254 10.120 9.940 9.715 9.445 9.135 8.794 8.407 7.992 7.553 7.091 6.608 6.107 5.589 5.059 4.521 3.976 3.426 2.876 2.303 1.733 1.160 0.583 0.000
 0.000 0.549 1.094 1.632 2.180 2.690 3.216 3.724 4.232 4.734 5.227 5.708 6.172 6.619 7.046 7.453 7.833 8.186 8.505 8.784 9.027 9.230 9.382 9.493 9.564 9.578 9.561 9.472 9.349 9.178 8.972 8.718 8.428 8.106 7.753 7.369 6.963 6.539 6.090 5.631 5.161 4.665 4.166 3.661 3.153 2.648 2.119 1.595 1.070 0.537 0.000
 0.000 0.508 1.009 1.518 1.990 2.473 2.959 3.425 3.891 4.352 4.803 5.243 5.685 6.081 6.474 6.848 7.196 7.522 7.810 8.067 8.288 8.473 8.613 8.709 8.768 8.785 8.769 8.691 8.580 8.417 8.218 7.986 7.719 7.422 7.096 6.745 6.374 5.984 5.573 5.153 4.732 4.269 3.829 3.358 2.884 2.413 1.937 1.461 0.989 0.494 0.000
 0.000 0.468 0.922 1.370 1.814 2.257 2.714 3.126 3.551 3.971 4.379 4.779 5.168 5.541 5.899 6.239 6.559 6.847 7.112 7.347 7.544 7.706 7.831 7.922 7.981 7.988 7.966 7.899 7.797 7.651 7.469 7.256 7.013 6.740 6.443 6.124 5.787 5.431 5.057 4.673 4.281 3.889 3.481 3.046 2.616 2.187 1.757 1.325 0.891 0.448 0.000
 0.000 0.441 0.834 1.239 1.640 2.040 2.441 2.825 3.208 3.585 3.953 4.312 4.661 4.997 5.321 5.624 5.909 6.171 6.412 6.627 6.798 6.941 7.054 7.135 7.178 7.189 7.166 7.106 7.013 6.884 6.721 6.528 6.311 6.062 5.794 5.506 5.199 4.875 4.541 4.198 3.838 3.472 3.103 2.727 2.346 1.963 1.577 1.189 0.798 0.402 0.000
 0.000 0.374 0.742 1.106 1.465 1.820 2.173 2.536 2.862 3.197 3.525 3.843 4.152 4.452 4.739 5.010 5.262 5.495 5.708 5.893 6.048 6.176 6.277 6.345 6.382 6.391 6.369 6.316 6.232 6.118 5.974 5.800 5.604 5.386 5.153 4.890 4.614 4.327 4.031 3.718 3.400 3.078 2.748 2.415 2.078 1.739 1.398 1.054 0.707 0.360 0.000
 0.000 0.327 0.652 0.972 1.288 1.600 1.910 2.218 2.516 2.809 3.096 3.374 3.644 3.919 4.160 4.402 4.615 4.818 5.003 5.163 5.299 5.414 5.502 5.560 5.589 5.595 5.573 5.527 5.458 5.356 5.233 5.075 4.900 4.708 4.499 4.271 4.030 3.778 3.516 3.245 2.967 2.687 2.399 2.108 1.814 1.518 1.221 0.921 0.617 0.310 0.000
 0.000 0.281 0.563 0.839 1.110 1.378 1.646 1.913 2.166 2.417 2.665 2.902 3.132 3.367 3.573 3.775 3.966 4.142 4.299 4.435 4.552 4.654 4.719 4.766 4.791 4.796 4.770 4.741 4.676 4.592 4.484 4.349 4.199 4.032 3.850 3.656 3.449 3.234 3.007 2.775 2.537 2.297 2.051 1.803 1.552 1.297 1.046 0.789 0.529 0.266 0.000
 0.000 0.235 0.473 0.702 0.929 1.154 1.377 1.597 1.811 2.022 2.227 2.426 2.618 2.806 2.986 3.153 3.310 3.457 3.590 3.706 3.801 3.877 3.933 3.973 3.994 3.997 3.983 3.948 3.896 3.826 3.738 3.624 3.498 3.358 3.207 3.047 2.870 2.688 2.501 2.310 2.110 1.909 1.705 1.500 1.292 1.082 0.874 0.660 0.442 0.223 0.000
 0.000 0.188 0.377 0.563 0.752 0.928 1.119 1.283 1.454 1.623 1.788 1.947 2.101 2.251 2.410 2.526 2.652 2.770 2.877 2.972 3.051 3.108 3.154 3.182 3.200 3.202 3.195 3.160 3.117 3.058 2.986 2.897 2.796 2.684 2.566 2.434 2.293 2.146 1.998 1.849 1.687 1.528 1.361 1.197 1.031 0.865 0.699 0.531 0.356 0.179 0.000
 0.000 0.143 0.284 0.425 0.565 0.699 0.845 0.971 1.101 1.222 1.345 1.464 1.580 1.692 1.799 1.900 1.994 2.082 2.162 2.232 2.290 2.334 2.368 2.394 2.406 2.403 2.393 2.370 2.338 2.299 2.237 2.171 2.095 2.014 1.929 1.826 1.719 1.609 1.496 1.383 1.263 1.142 1.019 0.896 0.772 0.648 0.526 0.401 0.271 0.139 0.000
 0.000 0.113 0.192 0.288 0.387 0.471 0.559 0.647 0.733 0.818 0.900 0.979 1.057 1.134 1.194 1.269 1.332 1.391 1.444 1.489 1.528 1.558 1.582 1.602 1.612 1.604 1.597 1.588 1.560 1.532 1.492 1.447 1.395 1.340 1.285 1.216 1.146 1.072 0.997 0.922 0.841 0.761 0.679 0.597 0.514 0.431 0.348 0.265 0.178 0.090 0.000
 0.000 0.048 0.096 0.143 0.191 0.235 0.280 0.325 0.368 0.410 0.451 0.491 0.530 0.567 0.603 0.636 0.666 0.711 0.722 0.745 0.764 0.779 0.791 0.801 0.803 0.802 0.799 0.792 0.781 0.768 0.748 0.724 0.697 0.670 0.641 0.610 0.574 0.550 0.498 0.460 0.420 0.380 0.339 0.298 0.257 0.215 0.174 0.132 0.089 0.045 0.000
 0.000 0.000 0.000 0.000 0.000 0.000 0.000 0.000 0.000 0.000 0.000 0.000 0.000 0.000 0.000 0.000 0.000 0.000 0.000 0.000 0.000 0.000 0.000 0.000 0.000 0.000 0.000 0.000 0.000 0.000 0.000 0.000 0.000 0.000 0.000 0.000 0.000 0.000 0.000 0.000 0.000 0.000 0.000 0.000 0.000 0.000 0.000 0.000 0.000 0.000 0.000
