51 51
 100.000 100.000 100.000 100.000 100.000 100.000 100.000 100.000 100.000 100.000 100.000 100.000 100.000 100.000 100.000 100.000 100.000 100.000 100.000 100.000 100.000 100.000 100.000 100.000 100.000 100.000 100.000 100.000 100.000 100.000 100.000 100.000 100.000 100.000 100.000 100.000 100.000 100.000 100.000 100.000 100.000 100.000 100.000 100.000 100.000 100.000 100.000 100.000 100.000 100.000 100.000
 0.000 49.447 68.674 77.396 81.936 84.558 86.186 87.231 87.893 88.359 88.648 88.868 89.024 89.135 89.216 89.281 89.341 89.423 89.425 89.470 89.476 89.499 89.516 89.531 89.542 89.552 89.567 89.564 89.571 89.542 89.531 89.515 89.486 89.464 89.434 89.391 89.341 89.268 89.175 89.012 88.773 88.474 87.986 87.284 86.233 84.631 82.004 77.436 68.677 49.452 0.000
 0.000 29.122 47.785 59.008 65.857 70.175 72.982 74.851 76.089 76.949 77.531 77.947 78.241 78.454 78.611 78.742 78.876 78.939 79.005 79.071 79.127 79.182 79.210 79.239 79.269 79.289 79.296 79.297 79.291 79.275 79.253 79.218 79.171 79.119 79.062 78.967 78.880 78.733 78.523 78.218 77.767 77.030 76.305 74.995 73.083 70.303 65.984 59.107 47.852 29.150 0.000
 0.000 19.296 34.393 45.101 52.452 57.472 60.910 63.284 64.908 66.057 66.861 67.427 67.840 68.136 68.362 68.559 68.714 68.846 68.959 69.056 69.143 69.217 69.257 69.289 69.362 69.397 69.405 69.415 69.409 69.392 69.362 69.311 69.241 69.163 69.073 68.955 68.803 68.597 68.279 67.889 67.294 66.469 65.272 63.527 61.150 57.695 52.648 45.240 34.476 19.323 0.000
 0.000 13.718 25.487 34.699 41.576 46.577 50.089 52.750 54.578 55.890 56.824 57.429 57.993 58.357 58.666 58.912 59.112 59.294 59.453 59.589 59.711 59.818 59.895 59.956 60.029 60.061 60.053 60.096 60.094 60.070 60.035 59.970 59.879 59.769 59.638 59.468 59.265 59.032 58.679 58.177 57.480 56.500 55.132 53.216 50.588 46.916 41.835 34.885 25.588 13.743 0.000
 0.000 10.169 19.239 26.825 32.819 37.408 40.838 43.378 45.237 46.596 47.587 48.312 48.869 49.295 49.639 49.946 50.201 50.432 50.637 50.817 50.987 51.127 51.242 51.268 51.419 51.392 51.480 51.520 51.509 51.479 51.433 51.344 51.242 51.104 50.945 50.743 50.476 50.128 49.794 49.234 48.485 47.440 46.002 44.038 41.414 37.876 33.173 27.076 19.396 10.192 0.000
 0.000 7.620 14.657 20.750 25.767 29.749 32.825 35.149 36.942 38.264 39.244 39.981 40.461 41.008 41.359 41.764 42.103 42.312 42.633 42.857 43.088 43.257 43.416 43.557 43.669 43.779 43.826 43.839 43.798 43.764 43.687 43.538 43.441 43.277 43.082 42.844 42.517 42.206 41.774 41.193 40.416 39.362 37.956 36.075 33.592 30.375 26.234 21.091 14.880 7.724 0.000
 0.000 5.757 11.190 16.001 20.060 23.391 25.990 27.997 29.616 30.941 31.860 32.557 33.093 33.606 34.024 34.437 34.885 35.234 35.543 35.835 36.124 36.248 36.573 36.778 36.951 37.073 37.123 37.107 37.019 36.983 36.896 36.746 36.570 36.344 36.113 35.849 35.519 35.131 34.661 34.083 33.313 32.294 30.976 29.252 27.020 24.206 20.688 16.436 11.464 5.904 0.000
 0.000 4.366 8.509 12.235 15.410 18.181 20.390 22.151 23.547 24.613 25.444 26.130 26.716 27.205 27.643 28.097 28.610 29.003 29.426 29.796 30.173 30.482 30.778 31.026 31.244 31.387 31.442 31.433 31.350 31.246 31.098 30.909 30.659 30.356 30.088 29.782 29.413 28.968 28.377 27.914 27.188 26.240 25.035 23.489 21.532 19.149 16.224 12.773 8.829 4.521 0.000
 0.000 3.281 6.414 9.277 11.772 13.951 15.746 17.194 18.267 19.147 19.890 20.613 21.252 21.792 22.294 22.815 23.344 23.798 24.342 24.827 25.295 25.697 26.062 26.354 26.605 26.757 26.788 26.760 26.681 26.512 26.301 26.087 25.778 25.404 25.067 24.606 24.163 23.783 23.279 22.696 22.006 21.144 20.067 18.723 17.068 15.067 12.664 9.921 6.833 3.487 0.000
 0.000 2.436 4.765 6.924 8.804 10.414 11.945 12.979 14.079 14.854 15.518 16.128 16.743 17.322 17.861 18.451 18.922 19.652 20.285 20.881 21.367 21.937 22.403 22.780 23.052 23.207 23.267 23.205 23.148 22.945 22.647 22.304 21.908 21.467 21.012 20.503 19.981 19.486 18.969 18.362 17.720 16.875 15.984 14.814 13.448 11.802 9.876 7.698 5.281 2.687 0.000
 0.000 1.777 3.454 5.101 6.547 7.820 8.884 9.828 10.577 11.326 11.968 12.557 13.146 13.734 14.272 14.825 15.392 16.350 17.173 17.919 18.603 19.198 19.744 20.235 20.483 20.754 20.819 20.762 20.619 20.348 19.966 19.510 18.998 18.456 17.877 17.281 16.710 16.147 15.563 14.929 14.308 13.573 12.711 11.711 10.557 9.192 7.675 5.957 4.072 2.068 0.000
 0.000 1.296 2.541 3.726 4.796 5.738 6.547 7.274 7.986 8.618 9.211 9.790 10.388 11.024 11.700 12.449 13.230 14.121 15.027 15.910 16.739 17.478 18.152 18.694 19.091 19.327 19.396 19.311 19.097 18.740 18.251 17.665 17.002 16.325 15.610 14.947 14.271 13.605 12.937 12.302 11.648 10.927 10.133 9.210 8.297 7.173 5.968 4.617 3.149 1.596 0.000
 0.000 0.937 1.846 2.703 3.490 4.190 4.820 5.406 6.005 6.563 7.120 7.709 8.346 9.050 9.866 10.755 11.704 12.721 13.760 14.804 15.778 16.645 17.460 18.095 18.581 18.869 18.947 18.825 18.531 18.062 17.444 16.715 15.902 15.039 14.163 13.381 12.552 11.770 11.023 10.334 9.636 8.910 8.174 7.411 6.587 5.664 4.687 3.608 2.461 1.247 0.000
 0.000 0.681 1.344 1.966 2.535 3.066 3.452 4.038 4.555 5.049 5.610 6.237 6.953 7.771 8.712 9.759 10.880 12.066 13.278 14.514 15.678 16.718 17.676 18.432 18.987 19.309 19.382 19.212 18.823 18.224 17.460 16.563 15.576 14.538 13.499 12.514 11.544 10.624 9.762 8.965 8.211 7.483 6.766 6.056 5.321 4.556 3.746 2.895 1.960 0.994 0.000
 0.000 0.506 1.006 1.453 1.881 2.289 2.695 3.110 3.569 3.888 4.627 5.250 6.104 7.057 8.146 9.305 10.501 12.065 13.503 14.933 16.304 17.562 18.656 19.536 20.172 20.532 20.592 20.362 19.868 19.119 18.167 17.113 15.928 14.685 13.439 12.232 11.073 9.989 8.993 8.091 7.262 6.497 5.776 5.090 4.421 3.757 3.079 2.346 1.596 0.812 0.000
 0.000 0.386 0.760 1.106 1.438 1.771 2.122 2.504 2.943 3.459 4.058 4.750 5.718 6.820 8.071 9.450 10.956 12.618 14.305 15.968 17.561 19.021 20.249 21.285 22.012 22.413 22.473 22.170 21.564 20.688 19.549 18.247 16.848 15.363 13.873 12.436 11.066 9.799 8.653 7.675 6.706 5.873 5.123 4.431 3.805 3.194 2.588 1.965 1.340 0.685 0.000
 0.000 0.312 0.610 0.887 1.159 1.449 1.777 2.158 2.619 3.182 3.872 4.706 5.749 6.976 8.414 10.027 11.775 13.644 15.568 17.476 19.302 20.975 22.404 23.550 24.371 24.830 24.909 24.495 23.743 22.684 21.364 19.822 18.170 16.449 14.702 13.007 11.421 10.000 8.623 7.479 6.446 5.527 4.734 4.033 3.406 2.820 2.257 1.702 1.150 0.583 0.000
 0.000 0.269 0.534 0.762 1.006 1.283 1.617 2.016 2.518 3.149 3.936 4.907 6.085 7.492 9.103 10.924 12.907 15.011 17.185 19.339 21.395 23.278 24.893 26.259 27.093 27.590 27.732 27.147 26.351 25.042 23.541 21.724 19.797 17.804 15.827 13.870 12.044 10.382 8.908 7.573 6.428 5.412 4.550 3.812 3.166 2.587 2.048 1.539 1.024 0.516 0.000
 0.000 0.260 0.530 0.713 0.949 1.240 1.657 2.028 2.582 3.291 4.183 5.286 6.620 8.195 10.003 12.041 14.236 16.614 19.030 21.425 23.711 25.805 27.604 29.030 30.112 30.510 30.511 29.963 28.948 27.539 25.810 23.789 21.618 19.344 17.140 14.931 12.842 10.953 9.286 7.810 6.539 5.437 4.509 3.723 3.049 2.461 1.937 1.478 0.970 0.482 0.000
 0.000 0.258 0.493 0.700 0.959 1.273 1.658 2.134 2.755 3.550 4.557 5.782 7.267 9.012 11.012 13.269 15.724 18.310 20.961 23.593 26.094 28.391 30.377 31.938 32.946 33.425 33.378 32.766 31.647 30.082 28.144 25.897 23.483 20.963 18.417 16.035 13.718 11.628 9.773 8.150 6.751 5.553 4.553 3.718 3.012 2.409 1.879 1.402 0.978 0.480 0.000
 0.000 0.266 0.546 0.744 1.011 1.364 1.781 2.311 3.002 3.892 5.019 6.345 7.961 9.865 12.046 14.511 17.182 19.979 22.852 25.703 28.404 30.874 32.952 34.574 35.666 36.179 36.102 35.429 34.209 32.493 30.355 27.887 25.230 22.469 19.703 17.063 14.578 12.308 10.368 8.516 6.999 5.705 4.632 3.747 3.013 2.395 1.863 1.360 0.907 0.567 0.000
 0.000 0.262 0.531 0.804 1.117 1.503 1.958 2.538 3.298 4.249 5.431 6.880 8.637 10.695 13.045 15.677 18.519 21.507 24.569 27.613 30.457 33.067 35.449 36.973 38.127 38.636 38.521 37.783 36.468 34.619 32.311 29.658 26.798 23.830 20.871 18.028 15.456 12.930 10.754 8.866 7.255 5.880 4.730 3.797 3.047 2.420 1.844 1.340 0.888 0.463 0.000
 0.000 0.276 0.648 0.881 1.208 1.608 2.089 2.712 3.520 4.546 5.815 7.371 9.241 11.424 13.910 16.673 19.661 22.807 26.038 29.273 32.280 34.895 37.326 39.143 40.454 40.761 40.475 39.673 38.271 36.314 33.888 31.287 28.060 24.960 21.818 18.831 16.088 13.468 11.153 9.168 7.482 6.039 4.829 3.836 3.026 2.369 1.811 1.322 0.886 0.478 0.000
 0.000 0.286 0.585 0.913 1.273 1.708 2.218 2.879 3.736 4.823 6.156 7.818 9.729 12.006 14.595 17.449 20.538 23.789 27.112 30.413 33.479 36.275 38.642 40.460 41.638 42.071 41.849 40.982 39.507 37.477 34.991 32.050 28.911 25.677 22.460 19.355 16.473 13.829 11.432 9.368 7.604 6.115 4.879 3.844 3.028 2.383 1.800 1.300 0.855 0.440 0.000
 0.000 0.295 0.602 0.935 1.314 1.831 2.314 3.011 3.900 5.062 6.405 8.075 10.071 12.404 15.032 17.947 21.096 24.403 27.788 31.151 34.259 37.034 39.410 41.245 42.391 42.818 42.566 41.654 40.136 38.016 35.450 32.489 29.306 26.018 22.752 19.601 16.644 13.952 11.532 9.451 7.636 6.106 4.849 3.808 3.027 2.324 1.750 1.263 0.822 0.409 0.000
 0.000 0.304 0.621 0.959 1.346 1.811 2.380 3.101 4.006 5.142 6.542 8.234 10.243 12.578 15.223 18.155 21.308 24.610 27.977 31.285 34.393 37.168 39.529 41.331 42.717 42.889 42.619 41.697 40.214 38.011 35.417 32.458 29.252 25.961 22.703 19.544 16.586 13.889 11.481 9.381 7.551 6.055 4.798 3.768 2.952 2.266 1.704 1.222 0.793 0.402 0.000
 0.000 0.313 0.650 0.979 1.372 1.845 2.419 3.143 4.052 5.185 6.576 8.257 10.246 12.550 15.161 18.052 21.158 24.412 27.728 30.950 34.015 36.713 39.016 40.750 42.002 42.262 41.983 41.058 39.551 37.413 34.874 31.955 28.751 25.495 22.284 19.186 16.279 13.622 11.254 9.190 7.428 5.946 4.715 3.705 2.888 2.221 1.663 1.188 0.768 0.378 0.000
 0.000 0.320 0.647 0.989 1.387 1.857 2.428 3.144 4.038 5.149 6.507 8.143 10.076 12.312 14.847 17.646 20.649 23.794 27.079 30.096 33.060 35.653 37.876 39.514 40.546 40.923 40.640 39.732 38.247 36.188 33.723 30.886 27.871 24.649 21.560 18.537 15.728 13.166 10.883 8.893 7.192 5.761 4.578 3.604 2.815 2.171 1.623 1.156 0.746 0.367 0.000
 0.000 0.316 0.640 0.987 1.380 1.845 2.407 3.103 3.967 5.042 6.336 7.898 9.742 11.878 14.301 16.953 19.808 22.810 25.834 28.764 31.544 34.014 36.103 37.661 38.617 39.108 38.686 37.795 36.366 34.411 32.043 29.330 26.419 23.435 20.493 17.627 14.953 12.523 10.360 8.475 6.861 5.509 4.391 3.437 2.708 2.082 1.568 1.121 0.726 0.357 0.000
 0.000 0.310 0.631 0.978 1.364 1.816 2.358 3.023 3.848 4.877 6.081 7.539 9.265 11.261 13.517 15.997 18.663 21.465 24.293 27.025 29.589 31.886 33.833 35.461 36.193 36.502 36.278 35.383 34.019 32.266 30.051 27.423 24.695 21.904 19.144 16.475 13.984 11.719 9.702 7.946 6.439 5.189 4.208 3.284 2.575 1.992 1.501 1.082 0.708 0.349 0.000
 0.000 0.303 0.616 0.956 1.334 1.771 2.285 2.910 3.668 4.606 5.733 7.084 8.675 10.510 12.580 14.857 17.302 19.870 22.473 24.982 27.316 29.402 31.179 32.584 33.378 33.661 33.440 32.589 31.311 29.628 27.565 25.210 22.700 20.135 17.607 15.148 12.862 10.788 8.941 7.327 5.932 4.803 3.856 3.063 2.416 1.879 1.423 1.036 0.688 0.341 0.000
 0.000 0.294 0.599 0.929 1.297 1.712 2.194 2.774 3.462 4.307 5.339 6.568 8.006 9.664 11.531 13.591 15.791 18.097 20.451 22.742 24.831 26.670 28.373 29.466 30.234 30.511 30.264 29.481 28.323 26.845 24.936 22.799 20.521 18.201 15.906 13.692 11.640 9.764 8.104 6.659 5.419 4.392 3.536 2.826 2.242 1.755 1.339 0.979 0.651 0.324 0.000
 0.000 0.287 0.582 0.899 1.249 1.638 2.078 2.600 3.227 3.989 4.910 6.007 7.285 8.760 10.417 12.237 14.188 16.228 18.286 20.252 22.134 23.796 25.191 26.245 26.907 27.133 26.897 26.230 25.187 23.818 22.137 20.251 18.239 16.182 14.150 12.190 10.362 8.693 7.161 5.958 4.866 3.955 3.200 2.574 2.056 1.622 1.255 0.917 0.610 0.306 0.000
 0.000 0.278 0.561 0.862 1.188 1.547 2.040 2.419 2.986 3.658 4.462 5.427 6.549 7.834 9.280 10.866 12.561 14.329 16.115 17.838 19.467 21.018 22.127 23.036 23.582 23.761 23.551 22.968 22.045 20.826 19.357 17.702 15.952 14.155 12.391 10.672 9.082 7.636 6.364 5.259 4.309 3.513 2.854 2.310 1.859 1.485 1.193 0.833 0.564 0.285 0.000
 0.000 0.268 0.540 0.823 1.125 1.455 1.820 2.243 2.751 3.332 4.011 4.849 5.819 6.921 8.161 9.522 10.974 12.481 13.997 15.478 16.872 18.105 19.140 19.953 20.361 20.498 20.310 19.796 18.990 17.925 16.652 15.222 13.710 12.170 10.653 9.187 7.826 6.576 5.500 4.559 3.750 3.068 2.504 2.041 1.647 1.326 1.032 0.770 0.516 0.265 0.000
 0.000 0.259 0.521 0.797 1.069 1.372 1.697 2.069 2.505 3.007 3.603 4.303 5.123 6.053 7.099 8.245 9.468 10.737 12.009 13.247 14.418 15.450 16.303 16.940 17.304 17.414 17.245 16.801 16.106 15.193 14.102 12.886 11.600 10.295 9.009 7.772 6.609 5.513 4.645 3.872 3.199 2.629 2.158 1.773 1.453 1.175 0.928 0.697 0.469 0.239 0.000
 0.000 0.256 0.514 0.797 1.034 1.310 1.590 1.904 2.274 2.704 3.207 3.796 4.477 5.251 6.117 7.068 8.080 9.127 10.174 11.200 12.161 13.010 13.708 14.219 14.515 14.595 14.439 14.050 13.451 12.677 11.747 10.731 9.639 8.559 7.485 6.423 5.490 4.605 3.864 3.226 2.678 2.215 1.830 1.518 1.253 1.028 0.825 0.630 0.430 0.223 0.000
 0.000 0.262 0.500 0.761 0.984 1.244 1.491 1.755 2.067 2.428 2.847 3.332 3.890 4.510 5.232 6.005 6.830 7.681 8.533 9.361 10.137 10.818 11.379 11.786 12.020 12.070 11.925 11.581 11.063 10.407 9.598 8.777 7.704 6.847 5.945 5.104 4.288 3.588 3.147 2.642 2.100 1.825 1.536 1.284 1.055 0.905 0.743 0.569 0.400 0.217 0.000
 0.000 0.240 0.471 0.707 0.925 1.150 1.375 1.609 1.880 2.177 2.521 2.915 3.355 3.876 4.436 5.063 5.721 6.400 7.081 7.739 8.351 8.892 9.333 9.651 9.829 9.858 9.731 9.442 9.007 8.437 7.575 6.999 6.265 5.658 4.921 4.174 3.590 3.002 2.531 2.122 1.684 1.414 1.279 1.105 0.944 0.808 0.670 0.524 0.369 0.220 0.000
 0.000 0.227 0.451 0.666 0.871 1.073 1.272 1.480 1.729 1.950 2.223 2.540 2.898 3.299 3.753 4.240 4.758 5.292 5.824 6.337 6.815 7.235 7.575 7.816 7.946 7.956 7.882 7.602 7.255 6.798 6.241 5.699 5.118 4.536 3.931 3.320 2.748 2.390 2.036 1.735 1.366 1.232 1.062 0.959 0.821 0.725 0.607 0.477 0.335 0.177 0.000
 0.000 0.218 0.431 0.630 0.812 0.990 1.163 1.342 1.540 1.732 1.952 2.203 2.485 2.803 3.157 3.536 3.936 4.346 4.753 5.156 5.515 5.834 6.089 6.267 6.353 6.334 6.225 6.028 5.772 5.403 4.934 4.453 3.997 3.606 3.151 2.643 2.250 1.941 1.648 1.419 1.209 1.054 0.938 0.845 0.765 0.657 0.546 0.429 0.301 0.157 0.000
 0.000 0.204 0.397 0.586 0.746 0.904 1.055 1.206 1.366 1.527 1.704 1.901 2.122 2.367 2.640 2.931 3.235 3.543 3.834 4.179 4.430 4.660 4.849 4.979 5.039 5.027 4.939 4.730 4.565 4.281 3.947 3.588 3.201 2.876 2.509 2.112 1.805 1.496 1.364 1.174 1.031 0.903 0.795 0.717 0.664 0.580 0.485 0.382 0.269 0.142 0.000
 0.000 0.187 0.359 0.524 0.674 0.817 0.960 1.076 1.206 1.336 1.475 1.628 1.799 1.987 2.193 2.411 2.637 2.867 3.105 3.331 3.517 3.685 3.819 3.914 3.953 3.942 3.875 3.747 3.572 3.352 3.040 2.847 2.558 2.287 2.011 1.722 1.471 1.240 1.107 0.929 0.859 0.771 0.680 0.622 0.571 0.508 0.427 0.337 0.237 0.123 0.000
 0.000 0.174 0.328 0.471 0.604 0.727 0.839 0.945 1.049 1.151 1.258 1.376 1.504 1.646 1.799 1.960 2.126 2.303 2.498 2.658 2.770 2.879 2.965 3.039 3.072 3.063 3.011 2.913 2.778 2.611 2.425 2.162 2.006 1.794 1.587 1.383 1.218 1.079 0.948 0.815 0.735 0.646 0.594 0.545 0.488 0.438 0.372 0.297 0.207 0.105 0.000
 0.000 0.154 0.291 0.415 0.530 0.633 0.725 0.810 0.894 0.966 1.048 1.137 1.232 1.335 1.447 1.562 1.684 1.807 1.938 2.063 2.142 2.209 2.259 2.318 2.350 2.345 2.306 2.234 2.136 2.021 1.880 1.711 1.551 1.393 1.247 1.111 0.989 0.869 0.780 0.684 0.613 0.543 0.507 0.471 0.422 0.376 0.321 0.263 0.188 0.093 0.000
 0.000 0.135 0.254 0.358 0.452 0.532 0.607 0.677 0.729 0.783 0.843 0.908 0.974 1.047 1.134 1.210 1.295 1.474 1.466 1.550 1.623 1.671 1.704 1.740 1.755 1.751 1.729 1.677 1.601 1.515 1.419 1.385 1.179 1.062 0.963 0.867 0.780 0.700 0.637 0.591 0.506 0.455 0.408 0.406 0.356 0.309 0.270 0.222 0.175 0.086 0.000
 0.000 0.104 0.200 0.289 0.367 0.423 0.480 0.540 0.568 0.692 0.637 0.682 0.726 0.783 0.877 0.893 0.948 1.009 1.061 1.120 1.177 1.225 1.229 1.253 1.254 1.257 1.263 1.197 1.153 1.082 1.019 0.934 0.852 0.772 0.717 0.634 0.581 0.530 0.481 0.430 0.392 0.358 0.325 0.314 0.279 0.240 0.202 0.166 0.125 0.065 0.000
 0.000 0.071 0.140 0.208 0.266 0.296 0.328 0.363 0.385 0.404 0.431 0.459 0.484 0.512 0.552 0.580 0.625 0.678 0.695 0.721 0.756 0.779 0.803 0.828 0.815 0.807 0.798 0.766 0.734 0.697 0.660 0.614 0.557 0.504 0.468 0.425 0.386 0.352 0.320 0.292 0.273 0.252 0.230 0.214 0.188 0.161 0.137 0.111 0.080 0.044 0.000
 0.000 0.037 0.072 0.106 0.135 0.148 0.162 0.185 0.202 0.207 0.220 0.234 0.245 0.256 0.270 0.287 0.316 0.361 0.350 0.353 0.368 0.380 0.391 0.403 0.397 0.395 0.388 0.375 0.364 0.344 0.326 0.310 0.276 0.252 0.233 0.213 0.195 0.177 0.161 0.148 0.142 0.134 0.120 0.108 0.094 0.081 0.070 0.062 0.042 0.022 0.000
 0.000 0.000 0.000 0.000 0.000 0.000 0.000 0.000 0.000 0.000 0.000 0.000 0.000 0.000 0.000 0.000 0.000 0.000 0.000 0.000 0.000 0.000 0.000 0.000 0.000 0.000 0.000 0.000 0.000 0.000 0.000 0.000 0.000 0.000 0.000 0.000 0.000 0.000 0.000 0.000 0.000 0.000 0.000 0.000 0.000 0.000 0.000 0.000 0.000 0.000 0.000
