51 51
 100.000 100.000 100.000 100.000 100.000 100.000 100.000 100.000 100.000 100.000 100.000 100.000 100.000 100.000 100.000 100.000 100.000 100.000 100.000 100.000 100.000 100.000 100.000 100.000 100.000 100.000 100.000 100.000 100.000 100.000 100.000 100.000 100.000 100.000 100.000 100.000 100.000 100.000 100.000 100.000 100.000 100.000 100.000 100.000 100.000 100.000 100.000 100.000 100.000 100.000 100.000
 0.000 49.370 68.511 77.195 81.690 84.256 85.822 86.821 87.476 87.913 88.209 88.412 88.552 88.650 88.722 88.775 88.817 88.852 88.881 88.907 88.930 88.950 88.967 88.980 88.989 88.994 88.994 88.989 88.979 88.966 88.948 88.926 88.901 88.871 88.836 88.792 88.737 88.664 88.563 88.421 88.217 87.919 87.480 86.824 85.825 84.258 81.692 77.196 68.511 49.370 0.000
 0.000 28.993 47.528 58.651 65.406 69.630 72.348 74.138 75.337 76.149 76.705 77.088 77.356 77.547 77.686 77.792 77.877 77.948 78.009 78.064 78.113 78.156 78.192 78.221 78.240 78.250 78.250 78.239 78.219 78.189 78.151 78.106 78.052 77.990 77.917 77.830 77.720 77.576 77.381 77.109 76.721 76.162 75.347 74.146 72.354 69.634 65.409 58.653 47.529 28.993 0.000
 0.000 19.121 34.054 44.619 51.838 56.735 60.065 62.343 63.910 64.994 65.747 66.274 66.649 66.920 67.122 67.280 67.410 67.521 67.620 67.710 67.791 67.863 67.924 67.972 68.005 68.021 68.021 68.004 67.969 67.920 67.857 67.781 67.693 67.593 67.479 67.344 67.179 66.970 66.691 66.310 65.776 65.017 63.928 62.357 60.075 56.742 51.843 44.622 34.056 19.122 0.000
 0.000 13.508 25.087 34.135 40.860 45.730 49.212 51.684 53.435 54.674 55.552 56.180 56.635 56.973 57.234 57.445 57.624 57.783 57.929 58.063 58.187 58.297 58.391 58.465 58.516 58.542 58.542 58.515 58.462 58.386 58.289 58.174 58.043 57.896 57.732 57.544 57.324 57.052 56.702 56.236 55.598 54.710 53.463 51.706 49.228 45.742 40.868 34.140 25.090 13.510 0.000
 0.000 9.911 18.822 26.228 32.068 36.519 39.838 42.278 44.055 45.345 46.282 46.967 47.479 47.873 48.190 48.457 48.695 48.913 49.119 49.313 49.494 49.656 49.796 49.906 49.983 50.022 50.021 49.981 49.903 49.790 49.647 49.479 49.290 49.083 48.856 48.607 48.324 47.991 47.580 47.051 46.350 45.399 44.098 42.310 39.862 36.536 32.080 26.236 18.827 9.913 0.000
 0.000 7.413 14.259 20.177 25.044 28.903 31.884 34.143 35.836 37.097 38.038 38.749 39.300 39.743 40.118 40.451 40.761 41.057 41.342 41.617 41.874 42.109 42.310 42.470 42.582 42.639 42.639 42.580 42.467 42.305 42.099 41.859 41.593 41.304 40.998 40.671 40.316 39.916 39.448 38.872 38.138 37.176 35.898 34.190 31.918 28.928 25.062 20.189 14.266 7.416 0.000
 0.000 5.590 10.836 15.493 19.440 22.668 25.235 27.237 28.778 29.960 30.871 31.587 32.169 32.663 33.105 33.520 33.922 34.319 34.711 35.094 35.456 35.787 36.073 36.301 36.460 36.542 36.541 36.459 36.298 36.068 35.778 35.441 35.070 34.674 34.262 33.835 33.389 32.911 32.381 31.764 31.015 30.074 28.867 27.304 25.285 22.704 19.465 15.510 10.847 5.594 0.000
 0.000 4.220 8.223 11.842 14.981 17.611 19.758 21.477 22.839 23.919 24.785 25.500 26.115 26.670 27.198 27.717 28.241 28.771 29.305 29.830 30.332 30.792 31.191 31.510 31.732 31.846 31.846 31.731 31.507 31.186 30.784 30.318 29.808 29.270 28.717 28.159 27.596 27.019 26.413 25.748 24.987 24.079 22.963 21.571 19.828 17.662 15.016 11.866 8.237 4.226 0.000
 0.000 3.176 6.212 8.994 11.451 13.555 15.313 16.760 17.945 18.921 19.745 20.466 21.127 21.765 22.403 23.060 23.742 24.447 25.165 25.878 26.563 27.192 27.739 28.176 28.482 28.638 28.638 28.480 28.174 27.734 27.184 26.550 25.858 25.133 24.399 23.669 22.952 22.245 21.538 20.808 20.023 19.142 18.116 16.890 15.410 13.625 11.500 9.027 6.232 3.185 0.000
 0.000 2.377 4.663 6.782 8.683 10.344 11.766 12.974 14.001 14.892 15.689 16.435 17.167 17.915 18.700 19.534 20.421 21.351 22.306 23.259 24.179 25.026 25.762 26.352 26.763 26.975 26.974 26.762 26.349 25.758 25.019 24.167 23.242 22.278 21.309 20.358 19.441 18.565 17.722 16.898 16.066 15.191 14.234 13.150 11.897 10.438 8.749 6.826 4.690 2.390 0.000
 0.000 1.768 3.478 5.079 6.539 7.841 8.989 10.001 10.906 11.738 12.535 13.335 14.169 15.064 16.039 17.101 18.246 19.459 20.713 21.969 23.182 24.302 25.277 26.057 26.602 26.882 26.882 26.601 26.055 25.273 24.296 23.173 21.954 20.689 19.424 18.193 17.024 15.928 14.906 13.949 13.035 12.135 11.215 10.236 9.163 7.966 6.626 5.137 3.513 1.785 0.000
 0.000 1.308 2.580 3.785 4.903 5.928 6.864 7.729 8.550 9.359 10.190 11.077 12.053 13.140 14.354 15.698 17.164 18.726 20.346 21.974 23.549 25.003 26.269 27.283 27.992 28.356 28.356 27.991 27.282 26.266 24.998 23.541 21.962 20.327 18.697 17.121 15.636 14.264 13.014 11.878 10.842 9.877 8.953 8.035 7.090 6.091 5.017 3.861 2.626 1.330 0.000
 0.000 0.965 1.910 2.819 3.681 4.499 5.282 6.049 6.828 7.651 8.553 9.568 10.727 12.054 13.561 15.249 17.100 19.082 21.143 23.216 25.224 27.079 28.694 29.988 30.892 31.357 31.357 30.892 29.987 28.692 27.075 25.218 23.207 21.128 19.059 17.066 15.200 13.491 11.955 10.592 9.386 8.314 7.343 6.440 5.572 4.708 3.828 2.916 1.969 0.993 0.000
 0.000 0.715 1.421 2.113 2.792 3.464 4.146 4.860 5.637 6.512 7.523 8.706 10.093 11.709 13.565 15.658 17.963 20.437 23.014 25.608 28.122 30.445 32.468 34.089 35.222 35.804 35.804 35.221 34.088 32.466 30.441 28.117 25.601 23.002 20.420 17.937 15.620 13.512 11.634 9.991 8.569 7.345 6.284 5.351 4.510 3.727 2.975 2.235 1.495 0.749 0.000
 0.000 0.536 1.072 1.612 2.165 2.743 3.369 4.070 4.883 5.846 7.001 8.390 10.049 12.002 14.261 16.819 19.643 22.679 25.843 29.032 32.121 34.977 37.464 39.457 40.851 41.567 41.567 40.850 39.457 37.463 34.975 32.117 29.026 25.835 22.666 19.624 16.791 14.221 11.947 9.974 8.291 6.871 5.680 4.675 3.817 3.067 2.391 1.763 1.164 0.579 0.000
 0.000 0.412 0.832 1.270 1.742 2.268 2.875 3.598 4.478 5.560 6.893 8.523 10.490 12.823 15.533 18.609 22.011 25.670 29.487 33.334 37.061 40.508 43.509 45.915 47.596 48.461 48.461 47.596 45.914 43.508 40.506 37.059 33.330 29.481 25.661 21.997 18.589 15.504 12.783 10.436 8.451 6.800 5.441 4.330 3.418 2.660 2.017 1.453 0.943 0.464 0.000
 0.000 0.330 0.674 1.049 1.476 1.981 2.599 3.370 4.343 5.570 7.106 9.004 11.311 14.058 17.257 20.893 24.919 29.250 33.770 38.326 42.740 46.822 50.378 53.227 55.218 56.242 56.242 55.218 53.226 50.377 46.821 42.738 38.322 33.765 29.243 24.908 20.879 17.237 14.030 11.273 8.954 7.040 5.486 4.239 3.244 2.447 1.802 1.266 0.806 0.392 0.000
 0.000 0.279 0.577 0.917 1.325 1.834 2.485 3.324 4.408 5.797 7.554 9.740 12.406 15.589 19.301 23.523 28.200 33.234 38.487 43.782 48.914 53.659 57.792 61.104 63.419 64.609 64.609 63.418 61.104 57.792 53.658 48.913 43.780 38.484 33.229 28.192 23.513 19.286 15.569 12.379 9.705 7.509 5.739 4.336 3.236 2.377 1.705 1.170 0.731 0.351 0.000
 0.000 0.249 0.523 0.848 1.257 1.786 2.484 3.404 4.610 6.170 8.156 10.636 13.668 17.292 21.523 26.337 31.672 37.415 43.407 49.449 55.304 60.717 65.432 69.210 71.850 73.208 73.208 71.850 69.209 65.431 60.716 55.303 49.447 43.405 37.411 31.667 26.331 21.513 17.279 13.650 10.612 8.125 6.130 4.560 3.342 2.407 1.691 1.138 0.699 0.332 0.000
 0.000 0.235 0.499 0.823 1.243 1.803 2.556 3.562 4.892 6.624 8.835 11.603 14.992 19.046 23.781 29.170 35.142 41.572 48.282 55.046 61.601 67.662 72.940 77.170 80.126 81.647 81.647 80.126 77.170 72.940 67.661 61.601 55.045 48.281 41.570 35.139 29.166 23.774 19.038 14.980 11.587 8.814 6.596 4.857 3.517 2.499 1.730 1.148 0.697 0.328 0.000
 0.000 0.231 0.494 0.824 1.263 1.857 2.666 3.756 5.206 7.099 9.522 12.558 16.278 20.731 25.932 31.854 38.416 45.481 52.854 60.286 67.489 74.147 79.947 84.594 87.842 89.513 89.513 87.842 84.594 79.947 74.147 67.488 60.285 52.853 45.480 38.414 31.851 25.928 20.726 16.271 12.548 9.508 7.080 5.181 3.724 2.623 1.799 1.182 0.712 0.333 0.000
 0.000 0.232 0.499 0.839 1.298 1.926 2.787 3.953 5.509 7.544 10.153 13.424 17.434 22.235 27.843 34.228 41.304 48.922 56.872 64.887 72.653 79.833 86.086 91.097 94.598 96.400 96.400 94.598 91.097 86.086 79.833 72.653 64.886 56.872 48.921 41.303 34.226 27.840 22.231 17.429 13.417 10.143 7.531 5.491 3.929 2.752 1.876 1.226 0.734 0.343 0.000
 0.000 0.235 0.507 0.858 1.334 1.991 2.896 4.125 5.766 7.917 10.675 14.135 18.377 23.456 29.391 36.147 43.635 51.697 60.110 68.590 76.808 84.406 91.022 96.324 100.029 101.935 101.935 100.029 96.324 91.022 84.406 76.808 68.590 60.110 51.697 43.635 36.147 29.389 23.454 18.374 14.130 10.668 7.907 5.753 4.105 2.866 1.947 1.267 0.756 0.352 0.000
 0.000 0.238 0.515 0.873 1.362 2.040 2.975 4.248 5.950 8.181 11.044 14.636 19.040 24.315 30.477 37.494 45.270 53.641 62.378 71.184 79.717 87.606 94.477 99.982 103.830 105.809 105.809 103.830 99.982 94.477 87.606 79.717 71.184 62.378 53.641 45.270 37.494 30.477 24.314 19.038 14.633 11.039 8.174 5.939 4.231 2.949 1.999 1.298 0.773 0.360 0.000
 0.000 0.239 0.517 0.879 1.374 2.062 3.012 4.307 6.040 8.313 11.229 14.889 19.377 24.752 31.031 38.182 46.105 54.636 63.539 72.513 81.208 89.248 96.249 101.859 105.779 107.796 107.796 105.779 101.859 96.249 89.248 81.209 72.513 63.539 54.637 46.105 38.182 31.031 24.751 19.376 14.887 11.226 8.307 6.031 4.293 2.988 2.023 1.312 0.781 0.363 0.000
 0.000 0.236 0.513 0.873 1.366 2.052 3.001 4.294 6.026 8.298 11.213 14.872 19.360 24.734 31.014 38.164 46.088 54.619 63.521 72.495 81.190 89.230 96.231 101.841 105.761 107.778 107.778 105.761 101.841 96.231 89.230 81.191 72.495 63.521 54.619 46.088 38.164 31.014 24.734 19.359 14.871 11.211 8.293 6.018 4.281 2.978 2.015 1.306 0.776 0.361 0.000
 0.000 0.231 0.500 0.852 1.335 2.007 2.937 4.206 5.904 8.132 10.992 14.582 18.986 24.259 30.421 37.437 45.212 53.584 62.320 71.126 79.659 87.548 94.419 99.924 103.772 105.751 105.751 103.772 99.924 94.419 87.548 79.659 71.126 62.320 53.584 45.213 37.437 30.421 24.259 18.986 14.582 10.990 8.128 5.897 4.193 2.916 1.972 1.277 0.759 0.352 0.000
 0.000 0.221 0.480 0.818 1.282 1.929 2.823 4.044 5.679 7.823 10.577 14.033 18.272 23.349 29.282 36.038 43.525 51.586 59.999 68.479 76.697 84.294 90.911 96.213 99.918 101.824 101.824 99.918 96.213 90.911 84.294 76.697 68.479 59.999 51.587 43.526 36.039 29.283 23.350 18.272 14.032 10.575 7.820 5.672 4.032 2.803 1.895 1.227 0.729 0.338 0.000
 0.000 0.208 0.452 0.771 1.209 1.819 2.664 3.816 5.360 7.386 9.986 13.251 17.256 22.053 27.659 34.042 41.117 48.734 56.684 64.698 72.464 79.644 85.897 90.907 94.409 96.210 96.210 94.409 90.907 85.897 79.644 72.464 64.698 56.684 48.735 41.117 34.043 27.659 22.054 17.256 13.251 9.985 7.383 5.354 3.806 2.645 1.788 1.158 0.687 0.319 0.000
 0.000 0.193 0.419 0.714 1.119 1.684 2.466 3.534 4.965 6.842 9.252 12.279 15.991 20.439 25.635 31.554 38.114 45.177 52.549 59.981 67.183 73.842 79.642 84.289 87.536 89.207 89.207 87.536 84.289 79.642 73.842 67.183 59.982 52.550 45.178 38.115 31.555 25.636 20.439 15.992 12.279 9.251 6.839 4.960 3.525 2.449 1.655 1.072 0.636 0.295 0.000
 0.000 0.175 0.380 0.648 1.016 1.530 2.241 3.211 4.512 6.219 8.411 11.164 14.541 18.586 23.314 28.699 34.668 41.096 47.804 54.567 61.122 67.182 72.461 76.690 79.646 81.167 81.167 79.646 76.690 72.461 67.182 61.122 54.568 47.805 41.096 34.669 28.700 23.315 18.587 14.541 11.164 8.410 6.217 4.508 3.203 2.226 1.504 0.973 0.578 0.268 0.000
 0.000 0.156 0.338 0.577 0.906 1.363 1.997 2.863 4.024 5.547 7.503 9.959 12.974 16.585 20.806 25.613 30.943 36.682 42.673 48.713 54.567 59.980 64.694 68.472 71.112 72.470 72.471 71.112 68.472 64.694 59.980 54.567 48.713 42.674 36.683 30.944 25.614 20.806 16.585 12.974 9.959 7.502 5.545 4.020 2.856 1.984 1.340 0.867 0.515 0.239 0.000
 0.000 0.136 0.296 0.505 0.792 1.192 1.747 2.505 3.520 4.854 6.566 8.718 11.358 14.521 18.218 22.431 27.100 32.130 37.379 42.673 47.803 52.548 56.680 59.991 62.306 63.497 63.497 62.306 59.992 56.680 52.548 47.804 42.673 37.380 32.130 27.101 22.431 18.219 14.521 11.358 8.718 6.566 4.852 3.517 2.498 1.735 1.172 0.758 0.450 0.209 0.000
 0.000 0.117 0.254 0.433 0.679 1.023 1.499 2.150 3.022 4.167 5.639 7.487 9.756 12.475 15.654 19.275 23.290 27.615 32.130 36.682 41.095 45.176 48.730 51.579 53.570 54.594 54.594 53.570 51.579 48.731 45.176 41.095 36.682 32.130 27.615 23.291 19.275 15.654 12.476 9.756 7.487 5.638 4.166 3.019 2.144 1.489 1.006 0.651 0.386 0.179 0.000
 0.000 0.098 0.213 0.364 0.571 0.861 1.262 1.810 2.545 3.511 4.751 6.310 8.223 10.516 13.198 16.253 19.641 23.290 27.100 30.943 34.668 38.112 41.113 43.518 45.199 46.063 46.063 45.199 43.518 41.113 38.112 34.668 30.943 27.101 23.290 19.641 16.253 13.198 10.517 8.223 6.310 4.751 3.510 2.543 1.806 1.254 0.846 0.547 0.325 0.151 0.000
 0.000 0.081 0.176 0.300 0.472 0.711 1.042 1.496 2.103 2.902 3.928 5.217 6.801 8.699 10.918 13.448 16.253 19.275 22.431 25.613 28.699 31.552 34.038 36.031 37.423 38.140 38.140 37.423 36.031 34.038 31.553 28.699 25.614 22.431 19.275 16.253 13.448 10.919 8.699 6.801 5.217 3.928 2.901 2.101 1.492 1.036 0.699 0.452 0.268 0.124 0.000
 0.000 0.066 0.143 0.243 0.382 0.576 0.845 1.212 1.705 2.353 3.186 4.233 5.519 7.060 8.863 10.918 13.198 15.654 18.219 20.806 23.314 25.634 27.655 29.275 30.408 30.990 30.990 30.408 29.275 27.655 25.634 23.314 20.806 18.219 15.654 13.198 10.919 8.864 7.061 5.519 4.233 3.186 2.353 1.704 1.209 0.839 0.566 0.366 0.217 0.101 0.000
 0.000 0.052 0.113 0.193 0.304 0.458 0.672 0.964 1.357 1.873 2.536 3.370 4.394 5.623 7.060 8.699 10.516 12.475 14.521 16.585 18.586 20.437 22.050 23.343 24.246 24.711 24.711 24.246 23.343 22.050 20.437 18.586 16.585 14.521 12.475 10.517 8.699 7.061 5.623 4.395 3.370 2.536 1.872 1.355 0.962 0.667 0.450 0.291 0.173 0.080 0.000
 0.000 0.041 0.088 0.151 0.237 0.357 0.524 0.752 1.059 1.462 1.980 2.632 3.433 4.394 5.519 6.801 8.223 9.756 11.358 12.974 14.540 15.990 17.253 18.265 18.973 19.337 19.337 18.973 18.265 17.253 15.990 14.540 12.974 11.358 9.756 8.223 6.801 5.519 4.395 3.434 2.633 1.980 1.462 1.058 0.750 0.521 0.351 0.227 0.135 0.062 0.000
 0.000 0.031 0.067 0.115 0.181 0.273 0.401 0.576 0.811 1.120 1.518 2.018 2.632 3.370 4.233 5.217 6.310 7.487 8.718 9.959 11.163 12.277 13.247 14.026 14.569 14.849 14.849 14.569 14.025 13.247 12.277 11.163 9.959 8.718 7.487 6.310 5.218 4.233 3.370 2.633 2.018 1.518 1.120 0.810 0.575 0.398 0.269 0.174 0.103 0.048 0.000
 0.000 0.023 0.051 0.086 0.136 0.205 0.301 0.433 0.609 0.842 1.141 1.517 1.980 2.536 3.186 3.928 4.751 5.638 6.566 7.502 8.410 9.250 9.982 10.569 10.979 11.190 11.190 10.979 10.569 9.982 9.250 8.410 7.502 6.566 5.639 4.751 3.928 3.186 2.536 1.980 1.518 1.141 0.842 0.609 0.432 0.299 0.202 0.130 0.077 0.036 0.000
 0.000 0.017 0.037 0.064 0.100 0.151 0.222 0.319 0.449 0.621 0.842 1.120 1.462 1.872 2.353 2.901 3.510 4.166 4.852 5.545 6.216 6.838 7.380 7.814 8.118 8.274 8.274 8.118 7.814 7.380 6.838 6.216 5.545 4.852 4.166 3.510 2.901 2.353 1.872 1.462 1.120 0.842 0.621 0.449 0.318 0.220 0.148 0.096 0.057 0.026 0.000
 0.000 0.012 0.027 0.046 0.072 0.109 0.160 0.230 0.325 0.449 0.609 0.810 1.058 1.355 1.704 2.101 2.543 3.019 3.517 4.020 4.507 4.959 5.352 5.667 5.888 6.001 6.001 5.888 5.667 5.352 4.958 4.507 4.020 3.517 3.019 2.543 2.102 1.704 1.356 1.058 0.810 0.609 0.449 0.324 0.230 0.159 0.107 0.069 0.041 0.019 0.000
 0.000 0.009 0.019 0.032 0.051 0.077 0.113 0.163 0.230 0.318 0.432 0.575 0.750 0.962 1.209 1.492 1.806 2.144 2.498 2.856 3.203 3.524 3.804 4.028 4.185 4.266 4.266 4.185 4.028 3.804 3.524 3.203 2.856 2.498 2.144 1.806 1.492 1.209 0.962 0.751 0.575 0.432 0.318 0.230 0.163 0.113 0.076 0.049 0.029 0.013 0.000
 0.000 0.006 0.013 0.022 0.035 0.053 0.078 0.113 0.159 0.220 0.299 0.398 0.521 0.667 0.839 1.036 1.254 1.489 1.736 1.984 2.226 2.449 2.644 2.800 2.909 2.965 2.965 2.909 2.800 2.643 2.449 2.225 1.984 1.736 1.489 1.254 1.036 0.839 0.667 0.521 0.398 0.299 0.220 0.159 0.113 0.078 0.052 0.034 0.020 0.009 0.000
 0.000 0.004 0.009 0.015 0.024 0.036 0.053 0.076 0.107 0.149 0.202 0.269 0.351 0.450 0.566 0.699 0.847 1.006 1.172 1.341 1.504 1.655 1.787 1.892 1.966 2.004 2.004 1.966 1.892 1.787 1.655 1.504 1.340 1.172 1.006 0.847 0.699 0.567 0.450 0.351 0.269 0.202 0.149 0.107 0.076 0.052 0.035 0.023 0.013 0.006 0.000
 0.000 0.003 0.006 0.010 0.015 0.023 0.034 0.049 0.069 0.096 0.130 0.174 0.227 0.291 0.366 0.452 0.548 0.651 0.759 0.868 0.973 1.071 1.157 1.225 1.273 1.298 1.298 1.273 1.225 1.157 1.071 0.973 0.868 0.759 0.651 0.548 0.452 0.366 0.291 0.227 0.174 0.130 0.096 0.069 0.049 0.034 0.023 0.015 0.009 0.004 0.000
 0.000 0.002 0.003 0.006 0.009 0.014 0.020 0.029 0.041 0.057 0.077 0.103 0.135 0.173 0.217 0.268 0.325 0.386 0.450 0.515 0.578 0.636 0.687 0.728 0.756 0.771 0.771 0.756 0.727 0.687 0.636 0.578 0.515 0.450 0.386 0.325 0.268 0.217 0.173 0.135 0.103 0.077 0.057 0.041 0.029 0.020 0.013 0.009 0.005 0.002 0.000
 0.000 0.001 0.002 0.003 0.004 0.006 0.009 0.013 0.019 0.026 0.036 0.048 0.062 0.080 0.101 0.124 0.151 0.179 0.209 0.239 0.268 0.295 0.319 0.338 0.351 0.358 0.358 0.351 0.338 0.319 0.295 0.268 0.239 0.209 0.179 0.151 0.124 0.101 0.080 0.062 0.048 0.036 0.026 0.019 0.013 0.009 0.006 0.004 0.002 0.001 0.000
 0.000 0.000 0.000 0.000 0.000 0.000 0.000 0.000 0.000 0.000 0.000 0.000 0.000 0.000 0.000 0.000 0.000 0.000 0.000 0.000 0.000 0.000 0.000 0.000 0.000 0.000 0.000 0.000 0.000 0.000 0.000 0.000 0.000 0.000 0.000 0.000 0.000 0.000 0.000 0.000 0.000 0.000 0.000 0.000 0.000 0.000 0.000 0.000 0.000 0.000 0.000
