51 51
 100.000 100.000 100.000 100.000 100.000 100.000 100.000 100.000 100.000 100.000 100.000 100.000 100.000 100.000 100.000 100.000 100.000 100.000 100.000 100.000 100.000 100.000 100.000 100.000 100.000 100.000 100.000 100.000 100.000 100.000 100.000 100.000 100.000 100.000 100.000 100.000 100.000 100.000 100.000 100.000 100.000 100.000 100.000 100.000 100.000 100.000 100.000 100.000 100.000 100.000 100.000
 0.000 49.804 69.374 78.479 83.381 86.337 88.273 89.619 90.598 91.335 91.906 92.357 92.723 93.023 93.274 93.485 93.666 93.820 93.951 94.064 94.158 94.235 94.296 94.341 94.370 94.383 94.380 94.362 94.327 94.275 94.207 94.120 94.014 93.887 93.737 93.559 93.348 93.097 92.795 92.427 91.971 91.396 90.654 89.670 88.317 86.374 83.411 78.501 69.389 49.811 0.000
 0.000 29.846 49.225 61.174 68.728 73.719 77.165 79.639 81.476 82.878 83.973 84.848 85.560 86.147 86.640 87.057 87.414 87.719 87.981 88.204 88.391 88.545 88.667 88.757 88.815 88.842 88.837 88.799 88.730 88.627 88.490 88.318 88.107 87.855 87.557 87.205 86.789 86.296 85.705 84.988 84.106 83.001 81.589 79.740 77.253 73.793 68.789 61.220 49.255 29.861 0.000
 0.000 20.364 36.526 48.294 56.679 62.694 67.086 70.363 72.861 74.806 76.349 77.595 78.617 79.469 80.187 80.799 81.324 81.775 82.164 82.496 82.775 83.005 83.187 83.322 83.409 83.449 83.442 83.387 83.283 83.129 82.925 82.668 82.355 81.982 81.541 81.022 80.413 79.694 78.838 77.807 76.550 74.993 73.032 70.516 67.220 62.807 56.771 48.363 36.572 20.387 0.000
 0.000 15.098 28.251 38.840 47.059 53.362 58.206 61.961 64.909 67.255 69.149 70.701 71.989 73.073 73.995 74.786 75.470 76.061 76.571 77.009 77.379 77.684 77.926 78.105 78.222 78.276 78.267 78.193 78.056 77.852 77.582 77.242 76.830 76.340 75.763 75.089 74.302 73.378 72.288 70.988 69.421 67.508 65.140 62.169 58.387 53.515 47.182 38.933 28.314 15.130 0.000
 0.000 11.799 22.578 31.814 39.429 45.584 50.525 54.493 57.697 60.308 62.457 64.245 65.751 67.033 68.134 69.088 69.917 70.639 71.267 71.807 72.266 72.645 72.946 73.170 73.316 73.384 73.373 73.282 73.111 72.859 72.524 72.104 71.596 70.995 70.291 69.473 68.525 67.421 66.131 64.611 62.803 60.630 57.992 54.757 50.755 45.779 39.586 31.933 22.658 11.839 0.000
 0.000 9.541 18.494 26.478 33.349 39.134 43.949 47.939 51.249 54.008 56.324 58.285 59.960 61.405 62.661 63.759 64.722 65.567 66.306 66.946 67.490 67.943 68.303 68.572 68.747 68.829 68.817 68.709 68.505 68.205 67.807 67.310 66.710 66.003 65.180 64.231 63.139 61.881 60.426 58.733 56.748 54.403 51.610 48.262 44.231 39.373 33.542 26.624 18.592 9.591 0.000
 0.000 7.900 15.434 22.335 28.461 33.785 38.350 42.239 45.546 48.363 50.774 52.852 54.655 56.231 57.618 58.844 59.929 60.889 61.734 62.469 63.099 63.623 64.042 64.356 64.561 64.658 64.644 64.520 64.284 63.936 63.477 62.904 62.216 61.409 60.477 59.408 58.190 56.800 55.211 53.387 51.282 48.835 45.978 42.626 38.688 34.070 28.692 22.509 15.551 7.959 0.000
 0.000 6.654 13.069 19.054 24.493 29.339 33.599 37.316 40.548 43.359 45.811 47.962 49.857 51.538 53.036 54.374 55.571 56.638 57.584 58.413 59.125 59.721 60.199 60.557 60.793 60.904 60.890 60.749 60.482 60.088 59.568 58.922 58.150 57.248 56.213 55.036 53.705 52.204 50.509 48.589 46.406 43.912 41.054 37.769 33.995 29.673 24.764 19.259 13.206 6.723 0.000
 0.000 5.680 11.198 16.418 21.246 25.635 29.576 33.087 36.203 38.967 41.423 43.613 45.574 47.338 48.931 50.369 51.669 52.838 53.881 54.799 55.594 56.261 56.798 57.201 57.467 57.594 57.579 57.422 57.124 56.684 56.105 55.387 54.533 53.541 52.409 51.133 49.703 48.107 46.326 44.337 42.108 39.605 36.787 33.610 30.033 26.021 21.558 16.654 11.356 5.760 0.000
 0.000 4.904 9.695 14.275 18.573 22.545 26.178 29.474 32.456 35.148 37.584 39.792 41.800 43.632 45.306 46.836 48.231 49.497 50.634 51.641 52.516 53.254 53.849 54.298 54.595 54.738 54.723 54.551 54.221 53.736 53.098 52.311 51.377 50.298 49.075 47.706 46.187 44.508 42.657 40.617 38.365 35.876 33.121 30.070 26.698 22.985 18.928 14.544 9.875 4.994 0.000
 0.000 4.277 8.475 12.522 16.365 19.968 23.316 26.406 29.249 31.861 34.263 36.476 38.519 40.408 42.156 43.770 45.256 46.614 47.843 48.937 49.892 50.701 51.355 51.850 52.178 52.337 52.322 52.134 51.774 51.244 50.549 49.692 48.680 47.517 46.207 44.751 43.148 41.396 39.485 37.407 35.145 32.682 29.999 27.078 23.902 20.464 16.766 12.825 8.678 4.379 0.000
 0.000 3.767 7.478 11.082 14.540 17.823 20.917 23.817 26.528 29.060 31.425 33.637 35.708 37.647 39.463 41.157 42.729 44.178 45.496 46.677 47.711 48.590 49.304 49.844 50.204 50.379 50.365 50.162 49.772 49.197 48.444 47.520 46.431 45.186 43.791 42.251 40.570 38.749 36.786 34.675 32.408 29.976 27.366 24.567 21.571 18.377 14.988 11.421 7.705 3.881 0.000
 0.000 3.351 6.663 9.900 13.034 16.043 18.916 21.648 24.240 26.697 29.027 31.237 33.334 35.321 37.201 38.972 40.629 42.166 43.572 44.838 45.952 46.900 47.673 48.259 48.651 48.842 48.829 48.611 48.190 47.572 46.762 45.771 44.607 43.281 41.803 40.182 38.426 36.540 34.527 32.386 30.116 27.711 25.167 22.478 19.640 16.655 13.529 10.274 6.914 3.477 0.000
 0.000 3.011 5.996 8.930 11.794 14.573 17.259 19.846 22.335 24.728 27.028 29.238 31.361 33.395 35.338 37.183 38.923 40.547 42.040 43.390 44.582 45.600 46.431 47.063 47.486 47.693 47.681 47.448 46.998 46.336 45.471 44.413 43.175 41.770 40.211 38.511 36.682 34.732 32.669 30.498 28.222 25.840 23.352 20.756 18.053 15.245 12.338 9.341 6.271 3.149 0.000
 0.000 2.734 5.452 8.138 10.779 13.368 15.896 18.363 20.765 23.105 25.383 27.598 29.748 31.829 33.834 35.753 37.574 39.282 40.861 42.294 43.561 44.648 45.536 46.213 46.667 46.891 46.879 46.632 46.153 45.449 44.529 43.406 42.096 40.613 38.975 37.198 35.296 33.284 31.171 28.969 26.682 24.315 21.871 19.353 16.761 14.098 11.370 8.584 5.751 2.884 0.000
 0.000 2.509 5.009 7.493 9.953 12.384 14.785 17.152 19.485 21.784 24.047 26.271 28.451 30.580 32.647 34.638 36.538 38.328 39.990 41.502 42.844 43.997 44.941 45.661 46.146 46.385 46.375 46.114 45.607 44.861 43.888 42.703 41.322 39.764 38.050 36.197 34.224 32.150 29.988 27.750 25.449 23.089 20.679 18.220 15.717 13.173 10.591 7.975 5.333 2.671 0.000
 0.000 2.327 4.652 6.971 9.283 11.588 13.884 16.172 18.451 20.720 22.975 25.213 27.425 29.601 31.728 33.789 35.765 37.635 39.376 40.965 42.378 43.594 44.592 45.354 45.868 46.122 46.113 45.839 45.305 44.520 43.496 42.250 40.802 39.173 37.384 35.459 33.418 31.282 29.070 26.797 24.476 22.117 19.729 17.316 14.883 12.433 9.967 7.488 4.998 2.501 0.000
 0.000 2.181 4.363 6.550 8.744 10.946 13.159 15.384 17.621 19.869 22.123 24.378 26.623 28.846 31.031 33.158 35.206 37.151 38.967 40.628 42.108 43.383 44.432 45.234 45.774 46.043 46.035 45.748 45.189 44.367 43.295 41.993 40.482 38.785 36.926 34.932 32.826 30.632 28.371 26.061 23.718 21.354 18.979 16.600 14.221 11.843 9.470 7.099 4.731 2.365 0.000
 0.000 2.062 4.131 6.211 8.309 10.429 12.576 14.752 16.958 19.191 21.448 23.721 25.999 28.266 30.505 32.694 34.808 36.822 38.707 40.434 41.976 43.307 44.401 45.239 45.805 46.087 46.080 45.782 45.200 44.343 43.228 41.874 40.304 38.545 36.622 34.564 32.398 30.149 27.841 25.495 23.129 20.757 18.389 16.034 13.695 11.376 9.074 6.790 4.519 2.257 0.000
 0.000 1.967 3.943 5.937 7.958 10.012 12.106 14.242 16.423 18.647 20.909 23.200 25.507 27.815 30.102 32.347 34.521 36.596 38.542 40.329 41.926 43.305 44.441 45.312 45.900 46.194 46.188 45.880 45.277 44.390 43.236 41.836 40.214 38.398 36.418 34.303 32.083 29.785 27.435 25.056 22.668 20.286 17.922 15.584 13.277 11.002 8.758 6.542 4.349 2.170 0.000
 0.000 1.888 3.789 5.712 7.669 9.670 11.719 13.824 15.985 18.201 20.467 22.773 25.106 27.448 29.777 32.068 34.293 36.421 38.420 40.258 41.902 43.324 44.495 45.394 46.002 46.306 46.300 45.984 45.363 44.450 43.262 41.822 40.156 38.293 36.264 34.100 31.834 29.494 27.108 24.701 22.294 19.903 17.541 15.217 12.936 10.698 8.501 6.341 4.210 2.100 0.000
 0.000 1.823 3.660 5.524 7.428 9.381 11.394 13.470 15.613 17.820 20.087 22.404 24.756 27.124 29.486 31.815 34.080 36.250 38.292 40.170 41.853 43.309 44.509 45.431 46.054 46.367 46.362 46.038 45.403 44.470 43.255 41.783 40.081 38.179 36.111 33.909 31.606 29.233 26.819 24.391 21.970 19.574 17.216 14.906 12.647 10.441 8.285 6.172 4.094 2.041 0.000
 0.000 1.766 3.548 5.360 7.217 9.129 11.106 13.155 15.278 17.475 19.738 22.059 24.421 26.806 29.190 31.545 33.839 36.040 38.112 40.021 41.732 43.213 44.435 45.373 46.009 46.328 46.323 45.995 45.350 44.400 43.166 41.670 39.942 38.013 35.916 33.687 31.358 28.963 26.532 24.091 21.664 19.268 16.919 14.624 12.389 10.213 8.094 6.023 3.993 1.989 0.000
 0.000 1.715 3.447 5.211 7.024 8.896 10.839 12.859 14.959 17.139 19.392 21.708 24.071 26.462 28.856 31.223 33.534 35.752 37.843 39.770 41.498 42.995 44.231 45.180 45.823 46.146 46.143 45.811 45.160 44.201 42.954 41.444 39.700 37.755 35.642 33.398 31.056 28.651 26.214 23.771 21.347 18.960 16.624 14.350 12.141 9.997 7.914 5.885 3.898 1.941 0.000
 0.000 1.666 3.350 5.069 6.837 8.670 10.576 12.563 14.635 16.791 19.025 21.326 23.679 26.064 28.454 30.821 33.134 35.356 37.451 39.384 41.119 42.622 43.863 44.816 45.463 45.788 45.784 45.452 44.798 43.836 42.585 41.071 39.323 37.374 35.258 33.012 30.671 28.270 25.838 23.406 20.995 18.626 16.313 14.065 11.887 9.778 7.734 5.747 3.805 1.894 0.000
 0.000 1.618 3.254 4.926 6.649 8.438 10.304 12.253 14.291 16.415 18.620 20.895 23.226 25.590 27.963 30.315 32.615 34.826 36.913 38.839 40.568 42.066 43.304 44.255 44.900 45.225 45.222 44.891 44.240 43.281 42.034 40.526 38.785 36.844 34.739 32.506 30.180 27.796 25.384 22.974 20.590 18.249 15.968 13.755 11.615 9.547 7.546 5.604 3.709 1.846 0.000
 0.000 1.568 3.154 4.777 6.452 8.194 10.013 11.918 13.913 15.996 18.162 20.400 22.694 25.025 27.366 29.689 31.961 34.148 36.212 38.117 39.828 41.312 42.537 43.480 44.119 44.440 44.438 44.111 43.466 42.517 41.284 39.791 38.069 36.150 34.070 31.863 29.567 27.214 24.837 22.463 20.116 17.817 15.578 13.409 11.315 9.294 7.342 5.450 3.605 1.794 0.000
 0.000 1.515 3.048 4.618 6.241 7.930 9.697 11.551 13.494 15.526 17.641 19.829 22.075 24.358 26.654 28.932 31.162 33.309 35.337 37.209 38.891 40.349 41.554 42.481 43.109 43.426 43.423 43.102 42.468 41.536 40.324 38.858 37.166 35.282 33.239 31.074 28.821 26.515 24.186 21.862 19.567 17.319 15.134 13.019 10.979 9.014 7.117 5.281 3.493 1.738 0.000
 0.000 1.458 2.935 4.447 6.012 7.643 9.352 11.145 13.028 14.999 17.053 19.180 21.364 23.586 25.821 28.041 30.215 32.308 34.286 36.112 37.753 39.177 40.353 41.258 41.871 42.181 42.179 41.865 41.247 40.337 39.155 37.724 36.074 34.237 32.245 30.135 27.940 25.694 23.427 21.166 18.935 16.752 14.631 12.581 10.605 8.703 6.869 5.095 3.369 1.676 0.000
 0.000 1.397 2.812 4.263 5.765 7.332 8.974 10.700 12.514 14.414 16.396 18.450 20.560 22.708 24.870 27.018 29.122 31.149 33.064 34.833 36.423 37.802 38.942 39.818 40.413 40.713 40.711 40.408 39.809 38.928 37.782 36.397 34.799 33.020 31.092 29.049 26.926 24.753 22.562 20.377 18.222 16.115 14.069 12.093 10.190 8.359 6.596 4.892 3.234 1.609 0.000
 0.000 1.332 2.681 4.065 5.498 6.995 8.565 10.216 11.952 13.773 15.673 17.643 19.668 21.730 23.806 25.870 27.892 29.840 31.681 33.382 34.911 36.238 37.334 38.178 38.750 39.039 39.037 38.745 38.169 37.322 36.220 34.888 33.352 31.641 29.788 27.826 25.786 23.699 21.595 19.498 17.431 15.411 13.450 11.557 9.736 7.985 6.299 4.670 3.087 1.535 0.000
 0.000 1.262 2.542 3.854 5.214 6.635 8.126 9.696 11.347 13.080 14.888 16.765 18.695 20.661 22.641 24.609 26.538 28.397 30.154 31.778 33.237 34.503 35.550 36.356 36.902 37.178 37.176 36.898 36.348 35.539 34.488 33.216 31.750 30.118 28.350 26.478 24.532 22.542 20.536 18.538 16.568 14.644 12.778 10.977 9.245 7.580 5.979 4.432 2.929 1.457 0.000
 0.000 1.189 2.395 3.631 4.914 6.254 7.661 9.143 10.703 12.341 14.051 15.825 17.651 19.512 21.386 23.250 25.077 26.837 28.502 30.040 31.423 32.622 33.614 34.378 34.896 35.157 35.156 34.892 34.371 33.605 32.609 31.404 30.015 28.469 26.795 25.022 23.179 21.296 19.397 17.507 15.644 13.824 12.060 10.358 8.722 7.150 5.639 4.180 2.762 1.374 0.000
 0.000 1.113 2.241 3.399 4.600 5.856 7.175 8.565 10.028 11.564 13.169 14.836 16.551 18.298 20.059 21.811 23.528 25.182 26.747 28.194 29.494 30.622 31.555 32.272 32.759 33.005 33.004 32.756 32.266 31.546 30.610 29.477 28.171 26.718 25.144 23.478 21.746 19.977 18.193 16.417 14.668 12.960 11.304 9.707 8.173 6.699 5.282 3.915 2.587 1.287 0.000
 0.000 1.035 2.083 3.160 4.277 5.445 6.672 7.966 9.328 10.759 12.255 13.808 15.406 17.036 18.678 20.311 21.912 23.456 24.915 26.265 27.478 28.530 29.400 30.070 30.525 30.754 30.753 30.522 30.065 29.393 28.519 27.463 26.245 24.889 23.421 21.867 20.253 18.602 16.940 15.284 13.654 12.062 10.520 9.033 7.604 6.232 4.914 3.641 2.406 1.197 0.000
 0.000 0.955 1.923 2.916 3.947 5.026 6.160 7.355 8.614 9.936 11.319 12.755 14.233 15.740 17.259 18.771 20.252 21.681 23.031 24.280 25.403 26.377 27.183 27.803 28.223 28.436 28.435 28.221 27.798 27.176 26.367 25.390 24.262 23.008 21.649 20.211 18.718 17.191 15.653 14.122 12.614 11.143 9.717 8.342 7.022 5.755 4.537 3.362 2.221 1.105 0.000
 0.000 0.874 1.761 2.671 3.615 4.603 5.642 6.738 7.892 9.105 10.373 11.690 13.046 14.429 15.823 17.210 18.569 19.880 21.120 22.266 23.297 24.191 24.931 25.500 25.886 26.081 26.080 25.884 25.496 24.925 24.183 23.285 22.250 21.099 19.852 18.533 17.162 15.761 14.350 12.945 11.562 10.212 8.905 7.644 6.434 5.272 4.156 3.080 2.035 1.012 0.000
 0.000 0.794 1.599 2.426 3.284 4.181 5.126 6.122 7.171 8.274 9.427 10.625 11.858 13.116 14.384 15.646 16.884 18.077 19.205 20.248 21.186 22.000 22.673 23.191 23.542 23.720 23.719 23.540 23.187 22.668 21.992 21.175 20.234 19.186 18.052 16.851 15.603 14.329 13.045 11.767 10.510 9.282 8.093 6.947 5.846 4.791 3.776 2.798 1.849 0.919 0.000
 0.000 0.715 1.440 2.184 2.957 3.765 4.616 5.513 6.458 7.452 8.491 9.571 10.683 11.817 12.960 14.098 15.213 16.289 17.307 18.247 19.093 19.827 20.434 20.901 21.218 21.378 21.378 21.217 20.898 20.429 19.820 19.084 18.235 17.290 16.267 15.184 14.060 12.911 11.753 10.602 9.468 8.361 7.290 6.257 5.266 4.315 3.401 2.520 1.665 0.828 0.000
 0.000 0.637 1.284 1.947 2.636 3.358 4.116 4.916 5.760 6.647 7.574 8.538 9.530 10.543 11.563 12.579 13.575 14.535 15.443 16.283 17.038 17.694 18.236 18.653 18.936 19.079 19.079 18.935 18.650 18.232 17.688 17.030 16.272 15.429 14.515 13.549 12.545 11.519 10.486 9.458 8.446 7.459 6.503 5.581 4.697 3.848 3.033 2.247 1.485 0.738 0.000
 0.000 0.562 1.132 1.718 2.325 2.962 3.631 4.337 5.081 5.864 6.683 7.533 8.409 9.303 10.204 11.100 11.980 12.828 13.630 14.371 15.038 15.617 16.095 16.464 16.714 16.840 16.840 16.713 16.462 16.092 15.612 15.031 14.362 13.617 12.811 11.957 11.071 10.166 9.253 8.346 7.453 6.581 5.737 4.924 4.143 3.395 2.676 1.982 1.310 0.651 0.000
 0.000 0.490 0.986 1.496 2.025 2.579 3.162 3.778 4.426 5.108 5.821 6.562 7.326 8.105 8.890 9.671 10.438 11.177 11.876 12.523 13.104 13.608 14.026 14.347 14.565 14.675 14.674 14.564 14.345 14.023 13.604 13.098 12.514 11.865 11.162 10.419 9.646 8.857 8.062 7.271 6.493 5.733 4.998 4.289 3.609 2.957 2.331 1.727 1.141 0.567 0.000
 0.000 0.420 0.845 1.283 1.737 2.212 2.712 3.240 3.796 4.381 4.993 5.629 6.284 6.953 7.626 8.297 8.955 9.589 10.189 10.744 11.243 11.676 12.034 12.310 12.497 12.591 12.591 12.496 12.308 12.031 11.672 11.238 10.737 10.180 9.577 8.938 8.275 7.598 6.916 6.238 5.570 4.918 4.287 3.679 3.096 2.536 1.999 1.481 0.978 0.486 0.000
 0.000 0.353 0.711 1.079 1.460 1.860 2.281 2.725 3.193 3.685 4.200 4.735 5.286 5.848 6.415 6.979 7.533 8.066 8.571 9.038 9.458 9.822 10.124 10.355 10.513 10.592 10.592 10.512 10.354 10.121 9.819 9.454 9.032 8.563 8.056 7.519 6.961 6.391 5.817 5.246 4.685 4.136 3.606 3.094 2.604 2.133 1.681 1.245 0.823 0.409 0.000
 0.000 0.289 0.582 0.883 1.196 1.523 1.868 2.231 2.615 3.018 3.439 3.878 4.329 4.790 5.254 5.717 6.170 6.607 7.021 7.403 7.747 8.046 8.293 8.483 8.612 8.677 8.677 8.611 8.482 8.291 8.043 7.744 7.399 7.014 6.599 6.159 5.702 5.235 4.765 4.297 3.837 3.388 2.953 2.534 2.132 1.747 1.377 1.020 0.674 0.335 0.000
 0.000 0.228 0.459 0.696 0.942 1.200 1.472 1.758 2.060 2.378 2.710 3.055 3.411 3.774 4.140 4.505 4.862 5.207 5.533 5.834 6.105 6.341 6.535 6.685 6.787 6.838 6.838 6.786 6.684 6.534 6.339 6.103 5.830 5.528 5.200 4.853 4.493 4.125 3.755 3.386 3.023 2.669 2.327 1.997 1.680 1.376 1.085 0.804 0.531 0.264 0.000
 0.000 0.169 0.340 0.515 0.698 0.889 1.090 1.302 1.526 1.761 2.007 2.263 2.527 2.796 3.067 3.337 3.602 3.857 4.099 4.322 4.523 4.697 4.841 4.952 5.028 5.066 5.066 5.027 4.952 4.840 4.696 4.521 4.319 4.095 3.852 3.595 3.328 3.056 2.781 2.508 2.239 1.977 1.723 1.479 1.244 1.019 0.803 0.595 0.393 0.195 0.000
 0.000 0.111 0.224 0.340 0.461 0.587 0.720 0.860 1.008 1.163 1.326 1.495 1.669 1.847 2.026 2.204 2.379 2.548 2.707 2.855 2.988 3.103 3.198 3.271 3.321 3.346 3.346 3.321 3.271 3.197 3.102 2.986 2.853 2.705 2.545 2.375 2.199 2.018 1.837 1.657 1.479 1.306 1.138 0.977 0.822 0.673 0.531 0.393 0.260 0.129 0.000
 0.000 0.055 0.112 0.169 0.229 0.292 0.358 0.428 0.501 0.578 0.659 0.743 0.830 0.918 1.007 1.096 1.183 1.267 1.346 1.419 1.485 1.543 1.590 1.626 1.651 1.664 1.664 1.651 1.626 1.590 1.542 1.485 1.419 1.345 1.265 1.181 1.093 1.004 0.913 0.824 0.735 0.649 0.566 0.486 0.409 0.335 0.264 0.195 0.129 0.064 0.000
 0.000 0.000 0.000 0.000 0.000 0.000 0.000 0.000 0.000 0.000 0.000 0.000 0.000 0.000 0.000 0.000 0.000 0.000 0.000 0.000 0.000 0.000 0.000 0.000 0.000 0.000 0.000 0.000 0.000 0.000 0.000 0.000 0.000 0.000 0.000 0.000 0.000 0.000 0.000 0.000 0.000 0.000 0.000 0.000 0.000 0.000 0.000 0.000 0.000 0.000 0.000
