51 51
 100.000 100.000 100.000 100.000 100.000 100.000 100.000 100.000 100.000 100.000 100.000 100.000 100.000 100.000 100.000 100.000 100.000 100.000 100.000 100.000 100.000 100.000 100.000 100.000 100.000 100.000 100.000 100.000 100.000 100.000 100.000 100.000 100.000 100.000 100.000 100.000 100.000 100.000 100.000 100.000 100.000 100.000 100.000 100.000 100.000 100.000 100.000 100.000 100.000 100.000 100.000
 0.000 49.661 69.096 78.062 82.822 85.646 87.459 88.662 89.520 90.147 90.591 90.928 91.191 91.398 91.565 91.695 91.807 91.897 91.979 92.047 92.099 92.143 92.174 92.195 92.210 92.221 92.224 92.218 92.202 92.175 92.140 92.098 92.046 91.986 91.913 91.810 91.685 91.530 91.329 91.064 90.718 90.262 89.644 88.771 87.540 85.729 82.895 78.119 69.142 49.698 0.000
 0.000 29.568 48.674 60.345 67.617 72.336 75.553 77.726 79.316 80.482 81.343 81.999 82.508 82.912 83.246 83.497 83.722 83.895 84.059 84.192 84.290 84.380 84.436 84.482 84.516 84.537 84.544 84.533 84.502 84.450 84.381 84.297 84.194 84.073 83.918 83.728 83.488 83.181 82.785 82.274 81.610 80.739 79.572 77.946 75.710 72.519 67.759 60.455 48.752 29.618 0.000
 0.000 19.951 35.701 47.051 55.021 60.630 64.619 67.511 69.640 71.228 72.429 73.353 74.075 74.647 75.116 75.495 75.810 76.078 76.309 76.501 76.654 76.785 76.883 76.961 77.016 77.049 77.060 77.046 77.002 76.927 76.827 76.704 76.552 76.370 76.143 75.860 75.509 75.067 74.494 73.771 72.837 71.618 70.009 67.847 64.928 60.884 55.230 47.224 35.820 20.024 0.000
 0.000 14.551 27.155 37.194 44.868 50.631 54.925 58.197 60.662 62.540 63.987 65.113 66.005 66.721 67.318 67.804 68.201 68.556 68.855 69.104 69.287 69.492 69.629 69.735 69.809 69.854 69.870 69.853 69.797 69.707 69.580 69.418 69.214 68.972 68.674 68.319 67.863 67.293 66.573 65.679 64.538 63.067 61.157 58.655 55.361 50.977 45.150 37.413 27.303 14.631 0.000
 0.000 11.123 21.225 29.784 36.732 42.230 46.523 49.874 52.480 54.516 56.117 57.382 58.408 59.242 59.943 60.516 60.997 61.426 61.788 62.095 62.352 62.582 62.761 62.895 62.988 63.045 63.066 63.042 62.972 62.883 62.737 62.540 62.284 61.982 61.625 61.181 60.623 59.963 59.137 58.110 56.818 55.192 53.115 50.457 47.054 42.668 37.096 30.063 21.410 11.216 0.000
 0.000 8.746 16.865 24.093 30.184 35.199 39.262 42.524 45.130 47.214 48.889 50.233 51.349 52.257 53.062 53.676 54.271 54.736 55.159 55.547 55.856 56.133 56.355 56.523 56.636 56.704 56.737 56.698 56.653 56.540 56.364 56.125 55.819 55.466 55.046 54.533 53.909 53.165 52.237 51.128 49.742 48.044 45.910 43.240 39.900 35.707 30.623 24.430 17.124 8.852 0.000
 0.000 6.993 13.626 19.618 24.852 29.319 33.035 36.098 38.602 40.663 42.357 43.731 44.861 45.895 46.741 47.453 48.076 48.620 49.115 49.544 49.907 50.214 50.463 50.651 50.795 50.875 50.944 50.925 50.858 50.668 50.513 50.194 49.887 49.479 48.996 48.422 47.743 46.938 45.967 44.787 43.371 41.648 39.527 36.945 33.787 29.953 25.388 20.024 13.891 7.116 0.000
 0.000 5.660 11.078 16.075 20.515 24.400 27.722 30.526 32.870 34.863 36.527 37.912 39.086 40.121 41.007 41.774 42.456 43.070 43.613 44.116 44.535 44.891 45.142 45.425 45.589 45.691 45.733 45.686 45.623 45.465 45.224 44.909 44.519 44.060 43.522 42.894 42.165 41.317 40.312 39.109 37.689 35.987 33.933 31.506 28.592 25.137 21.119 16.513 11.371 5.802 0.000
 0.000 4.604 9.046 13.200 16.973 20.317 23.244 25.763 27.921 29.793 31.358 32.664 33.919 34.965 35.880 36.695 37.437 38.129 38.752 39.302 39.773 40.138 40.486 40.758 40.992 41.104 41.122 40.924 40.982 40.811 40.483 40.177 39.746 39.237 38.648 37.974 37.189 36.325 35.301 34.093 32.660 31.044 29.111 26.847 24.190 21.108 17.615 13.658 9.369 4.762 0.000
 0.000 3.757 7.406 10.856 14.040 16.915 19.472 21.719 23.687 25.387 26.795 28.194 29.391 30.455 31.392 32.254 33.045 33.797 34.498 35.116 35.649 36.106 36.496 36.807 37.026 37.149 37.180 37.113 37.003 36.787 36.470 36.062 35.517 34.972 34.329 33.666 32.857 31.950 30.909 29.706 28.343 26.771 24.961 22.877 20.488 17.778 14.743 11.386 7.764 3.937 0.000
 0.000 3.073 6.075 8.938 11.622 14.082 16.306 18.298 20.079 21.658 23.039 24.346 25.521 26.603 27.574 28.472 29.276 30.070 30.855 31.546 32.142 32.649 33.104 33.456 33.700 33.839 33.869 33.788 33.650 33.401 33.041 32.572 32.064 31.450 30.728 29.978 29.124 28.179 27.121 25.912 24.611 23.124 21.439 19.536 17.397 15.018 12.357 9.533 6.475 3.275 0.000
 0.000 2.533 5.009 7.390 9.651 11.754 13.687 15.450 17.056 18.509 19.819 21.059 22.225 23.339 24.355 25.309 26.210 27.058 27.827 28.560 29.218 29.804 30.335 30.723 30.990 31.147 31.180 31.108 30.925 30.637 30.239 29.719 29.158 28.490 27.730 26.903 25.994 25.011 23.942 22.760 21.478 20.060 18.490 16.753 14.841 12.749 10.474 8.027 5.436 2.745 0.000
 0.000 2.102 4.163 6.159 8.072 9.873 11.555 13.119 14.574 15.928 17.197 18.407 19.556 20.660 21.704 22.707 23.673 24.590 25.443 26.235 26.954 27.605 28.160 28.577 28.864 29.034 29.063 28.998 28.791 28.466 28.027 27.473 26.829 26.088 25.273 24.381 23.424 22.400 21.306 20.131 18.871 17.518 16.047 14.456 12.741 10.893 8.914 6.811 4.604 2.323 0.000
 0.000 1.761 3.493 5.178 6.806 8.358 9.833 11.231 12.556 13.815 15.035 16.224 17.371 18.483 19.564 20.618 21.637 22.635 23.571 24.438 25.227 25.933 26.530 26.989 27.303 27.489 27.535 27.452 27.214 26.843 26.349 25.736 25.018 24.197 23.323 22.361 21.362 20.295 19.173 17.990 16.740 15.445 14.055 12.587 11.035 9.391 7.658 5.835 3.940 1.989 0.000
 0.000 1.491 2.963 4.401 5.797 7.141 8.447 9.720 10.941 12.088 13.295 14.477 15.635 16.770 17.892 19.006 20.065 21.170 22.191 23.137 23.997 24.730 25.398 25.904 26.250 26.459 26.505 26.393 26.122 25.703 25.151 24.470 23.685 22.801 21.851 20.830 19.763 18.645 17.487 16.291 15.057 13.792 12.476 11.106 9.679 8.196 6.656 5.056 3.411 1.728 0.000
 0.000 1.286 2.557 3.803 5.008 6.202 7.374 8.534 9.682 10.811 11.957 13.135 14.313 15.448 16.637 17.835 19.002 20.139 21.228 22.260 23.140 24.005 24.697 25.241 25.601 25.842 25.889 25.753 25.453 24.993 24.380 23.627 22.772 21.818 20.792 19.703 18.567 17.394 16.193 14.978 13.740 12.493 11.228 9.932 8.605 7.252 5.866 4.440 2.992 1.529 0.000
 0.000 1.145 2.252 3.330 4.397 5.471 6.542 7.627 8.726 9.833 10.964 12.141 13.342 14.554 15.779 17.035 18.279 19.486 20.639 21.751 22.744 23.614 24.360 24.945 25.351 25.585 25.627 25.475 25.143 24.640 23.970 23.151 22.213 21.177 20.077 18.913 17.707 16.474 15.229 13.972 12.727 11.490 10.254 9.024 7.766 6.510 5.243 3.961 2.662 1.341 0.000
 0.000 1.010 1.996 2.977 3.945 4.927 5.923 6.952 8.013 9.108 10.247 11.433 12.652 13.914 15.210 16.529 17.838 19.112 20.361 21.530 22.588 23.519 24.307 24.927 25.362 25.602 25.647 25.481 25.117 24.561 23.836 22.948 21.971 20.815 19.685 18.402 17.123 15.822 14.535 13.237 11.976 10.755 9.512 8.291 7.112 5.932 4.760 3.595 2.417 1.209 0.000
 0.000 0.943 1.819 2.714 3.607 4.523 5.471 6.461 7.503 8.590 9.741 10.946 12.195 13.503 14.862 16.247 17.635 18.990 20.301 21.533 22.651 23.633 24.467 25.120 25.577 25.815 25.837 25.652 25.282 24.673 23.886 22.928 21.845 20.657 19.424 18.103 16.799 15.403 14.067 12.729 11.441 10.255 8.959 7.793 6.619 5.487 4.383 3.298 2.215 1.107 0.000
 0.000 0.850 1.682 2.523 3.368 4.237 5.155 6.123 7.160 8.243 9.409 10.646 11.945 13.305 14.714 16.153 17.602 19.029 20.396 21.686 22.862 23.899 24.767 25.460 25.928 26.159 26.162 25.950 25.532 24.890 24.062 23.040 21.887 20.634 19.310 17.940 16.581 15.119 13.731 12.366 11.052 9.771 8.537 7.367 6.236 5.150 4.140 3.115 2.055 1.026 0.000
 0.000 0.799 1.590 2.388 3.205 4.041 4.942 5.917 6.919 8.023 9.208 10.472 11.814 13.223 14.684 16.175 17.677 19.157 20.580 21.926 23.142 24.211 25.124 25.874 26.317 26.539 26.537 26.303 25.845 25.171 24.294 23.224 22.011 20.698 19.306 17.894 16.407 14.936 13.497 12.103 10.766 9.471 8.233 7.059 5.948 4.897 3.896 2.912 1.994 0.974 0.000
 0.000 0.835 1.541 2.288 3.070 3.899 4.804 5.733 6.762 7.882 9.088 10.380 11.755 13.206 14.721 16.252 17.797 19.322 20.789 22.173 23.442 24.538 25.461 26.191 26.670 26.909 26.907 26.636 26.138 25.423 24.504 23.403 22.134 20.759 19.313 17.841 16.319 14.805 13.326 11.902 10.540 9.238 7.998 6.824 5.727 4.704 3.748 2.803 1.879 0.951 0.000
 0.000 0.788 1.520 2.226 2.985 3.805 4.687 5.629 6.697 7.792 9.015 10.330 11.732 13.214 14.752 16.329 17.917 19.480 20.978 22.387 23.678 24.807 25.747 26.513 26.964 27.206 27.219 26.891 26.359 25.610 24.652 23.515 22.212 20.793 19.315 17.827 16.242 14.685 13.176 11.727 10.347 9.037 7.798 6.629 5.541 4.528 3.575 2.650 1.763 0.878 0.000
 0.000 0.750 1.442 2.154 2.915 3.731 4.604 5.553 6.593 7.727 8.959 10.291 11.717 13.229 14.777 16.380 17.993 19.577 21.131 22.523 23.828 24.983 25.921 26.643 27.126 27.349 27.316 27.007 26.464 25.689 24.694 23.515 22.186 20.746 19.235 17.686 16.103 14.535 13.009 11.541 10.148 8.839 7.608 6.449 5.374 4.376 3.438 2.550 1.715 0.845 0.000
 0.000 0.694 1.386 2.100 2.853 3.660 4.532 5.481 6.524 7.660 8.897 10.236 11.703 13.179 14.746 16.358 17.979 19.576 21.109 22.541 23.857 25.042 25.946 26.649 27.119 27.335 27.288 26.976 26.414 25.615 24.600 23.396 22.053 20.600 19.074 17.501 15.918 14.338 12.847 11.330 9.930 8.627 7.406 6.265 5.208 4.231 3.319 2.457 1.632 0.813 0.000
 0.000 0.672 1.355 2.057 2.795 3.592 4.459 5.405 6.443 7.575 8.808 10.144 11.576 13.080 14.647 16.254 17.869 19.462 20.995 22.415 23.715 24.854 25.777 26.477 26.933 27.149 27.093 26.851 26.194 25.369 24.343 23.142 21.810 20.347 18.818 17.242 15.651 14.082 12.553 11.088 9.702 8.407 7.199 6.079 5.044 4.093 3.215 2.378 1.566 0.780 0.000
 0.000 0.659 1.331 2.019 2.742 3.528 4.382 5.317 6.335 7.457 8.684 10.005 11.419 12.909 14.460 16.047 17.640 19.210 20.720 22.126 23.418 24.521 25.431 26.114 26.559 26.794 26.725 26.375 25.803 24.956 23.925 22.731 21.396 19.958 18.444 16.895 15.307 13.750 12.242 10.799 9.438 8.162 6.977 5.886 4.876 3.947 3.087 2.276 1.499 0.746 0.000
 0.000 0.648 1.310 1.979 2.691 3.458 4.294 5.212 6.218 7.320 8.516 9.811 11.196 12.658 14.177 15.733 17.287 18.828 20.301 21.672 22.936 24.003 24.884 25.539 25.954 26.185 26.103 25.783 25.161 24.340 23.328 22.153 20.842 19.439 17.937 16.402 14.877 13.343 11.867 10.459 9.130 7.890 6.742 5.677 4.700 3.803 2.966 2.182 1.436 0.743 0.000
 0.000 0.629 1.270 1.928 2.626 3.375 4.193 5.085 6.064 7.136 8.299 9.556 10.900 12.318 13.798 15.322 16.808 18.301 19.724 21.048 22.268 23.293 24.141 24.808 25.155 25.318 25.239 24.901 24.333 23.549 22.559 21.412 20.132 18.758 17.305 15.818 14.337 12.850 11.422 10.060 8.775 7.580 6.487 5.449 4.509 3.651 2.843 2.087 1.375 0.680 0.000
 0.000 0.610 1.229 1.871 2.549 3.278 4.079 4.932 5.873 6.905 8.025 9.235 10.527 11.889 13.302 14.751 16.193 17.628 19.007 20.258 21.405 22.397 23.240 23.825 24.168 24.313 24.217 23.884 23.338 22.668 21.631 20.516 19.282 17.960 16.569 15.144 13.729 12.281 10.908 9.602 8.372 7.225 6.167 5.186 4.292 3.471 2.704 1.987 1.305 0.646 0.000
 0.000 0.588 1.185 1.804 2.457 3.155 3.915 4.740 5.643 6.628 7.698 8.850 10.081 11.376 12.717 14.088 15.519 16.879 18.169 19.328 20.408 21.332 22.105 22.711 22.993 23.167 23.022 22.699 22.173 21.454 20.538 19.488 18.285 17.018 15.689 14.327 12.968 11.622 10.326 9.088 7.921 6.830 5.830 4.907 4.059 3.280 2.558 1.882 1.237 0.612 0.000
 0.000 0.568 1.138 1.730 2.354 3.017 3.737 4.522 5.378 6.310 7.321 8.408 9.567 10.785 12.050 13.342 14.637 15.919 17.144 18.273 19.292 20.142 20.858 21.354 21.663 21.809 21.692 21.380 20.878 20.187 19.321 18.302 17.180 15.983 14.723 13.442 12.161 10.902 9.684 8.522 7.428 6.408 5.467 4.602 3.806 3.075 2.401 1.769 1.161 0.578 0.000
 0.000 0.563 1.088 1.697 2.242 2.865 3.542 4.280 5.084 5.957 6.903 7.920 8.999 10.132 11.305 12.506 13.713 14.915 16.034 17.098 18.012 18.805 19.452 19.922 20.211 20.323 20.236 19.930 19.446 18.783 17.970 17.025 15.980 14.856 13.686 12.491 11.298 10.127 8.995 7.913 6.900 5.950 5.075 4.273 3.533 2.855 2.228 1.641 1.077 0.532 0.000
 0.000 0.527 1.028 1.558 2.126 2.700 3.330 4.019 4.766 5.575 6.455 7.396 8.395 9.433 10.515 11.621 12.731 13.821 14.856 15.808 16.685 17.394 17.983 18.422 18.672 18.763 18.663 18.379 17.933 17.311 16.564 15.676 14.710 13.670 12.590 11.490 10.392 9.313 8.271 7.280 6.346 5.479 4.671 3.928 3.245 2.624 2.046 1.505 0.988 0.489 0.000
 0.000 0.484 0.960 1.456 1.978 2.520 3.108 3.746 4.435 5.181 5.985 6.848 7.755 8.685 9.687 10.694 11.698 12.684 13.625 14.493 15.270 15.933 16.469 16.876 17.082 17.140 17.041 16.776 16.366 15.795 15.094 14.291 13.405 12.460 11.468 10.465 9.463 8.477 7.525 6.618 5.772 4.987 4.253 3.577 2.958 2.387 1.863 1.367 0.899 0.446 0.000
 0.000 0.444 0.891 1.350 1.829 2.335 2.878 3.467 4.095 4.772 5.501 6.282 7.106 7.961 8.851 9.753 10.656 11.541 12.385 13.165 13.874 14.452 14.923 15.306 15.466 15.510 15.411 15.165 14.788 14.265 13.634 12.902 12.102 11.266 10.346 9.433 8.527 7.637 6.776 5.958 5.200 4.497 3.835 3.223 2.666 2.154 1.678 1.232 0.809 0.401 0.000
 0.000 0.412 0.823 1.244 1.684 2.146 2.641 3.174 3.744 4.355 5.011 5.712 6.450 7.218 8.010 8.814 9.619 10.408 11.158 11.850 12.464 12.985 13.400 13.697 13.866 13.902 13.805 13.575 13.226 12.757 12.187 11.531 10.807 10.039 9.228 8.408 7.598 6.801 6.024 5.299 4.622 3.997 3.412 2.870 2.352 1.919 1.494 1.098 0.721 0.355 0.000
 0.000 0.420 0.755 1.140 1.546 1.961 2.405 2.882 3.393 3.943 4.525 5.149 5.802 6.482 7.183 7.894 8.604 9.301 9.958 10.567 11.103 11.559 11.924 12.182 12.318 12.342 12.247 12.037 11.715 11.296 10.785 10.203 9.556 8.866 8.144 7.405 6.688 5.977 5.264 4.650 4.092 3.512 2.998 2.521 2.090 1.689 1.313 0.967 0.633 0.307 0.000
 0.000 0.342 0.684 1.032 1.396 1.773 2.173 2.598 3.054 3.545 4.050 4.595 5.169 5.767 6.384 7.003 7.621 8.226 8.799 9.333 9.799 10.194 10.497 10.715 10.835 10.849 10.761 10.575 10.272 9.894 9.437 8.929 8.359 7.752 7.113 6.454 5.825 5.143 4.574 4.039 3.531 3.053 2.603 2.184 1.813 1.469 1.144 0.843 0.553 0.276 0.000
 0.000 0.306 0.614 0.927 1.251 1.590 1.945 2.319 2.717 3.140 3.585 4.062 4.561 5.084 5.623 6.155 6.685 7.204 7.698 8.150 8.548 8.885 9.149 9.336 9.444 9.442 9.356 9.184 8.929 8.597 8.182 7.731 7.229 6.705 6.151 5.560 5.028 4.490 3.963 3.485 3.039 2.551 2.242 1.837 1.560 1.263 0.983 0.723 0.475 0.235 0.000
 0.000 0.272 0.546 0.829 1.112 1.411 1.722 2.047 2.389 2.751 3.142 3.555 3.983 4.430 4.890 5.379 5.802 6.243 6.663 7.047 7.383 7.666 7.887 8.045 8.143 8.127 8.085 7.899 7.677 7.389 7.022 6.606 6.183 5.737 5.272 4.784 4.305 3.841 3.393 2.974 2.585 2.225 1.904 1.605 1.324 1.075 0.842 0.616 0.401 0.199 0.000
 0.000 0.239 0.484 0.749 0.979 1.234 1.504 1.785 2.078 2.389 2.723 3.077 3.437 3.811 4.197 4.587 4.969 5.342 5.698 6.021 6.299 6.538 6.732 6.848 6.910 6.904 6.838 6.707 6.508 6.253 5.937 5.597 5.225 4.844 4.457 4.047 3.634 3.249 2.870 2.512 2.181 1.881 1.594 1.350 1.113 0.902 0.734 0.528 0.335 0.165 0.000
 0.000 0.207 0.414 0.629 0.840 1.063 1.295 1.532 1.780 2.043 2.322 2.620 2.926 3.233 3.553 3.876 4.194 4.503 4.796 5.062 5.292 5.486 5.642 5.741 5.789 5.781 5.722 5.609 5.434 5.225 4.969 4.682 4.364 4.039 3.713 3.361 3.013 2.702 2.390 2.049 1.813 1.535 1.341 1.127 0.929 0.749 0.577 0.430 0.278 0.138 0.000
 0.000 0.175 0.350 0.527 0.709 0.896 1.090 1.289 1.496 1.714 1.946 2.197 2.459 2.699 2.954 3.217 3.478 3.729 3.965 4.180 4.368 4.526 4.649 4.731 4.768 4.761 4.710 4.615 4.473 4.296 4.085 3.848 3.588 3.319 3.043 2.749 2.477 2.216 1.957 1.714 1.485 1.287 1.103 0.924 0.759 0.611 0.476 0.349 0.228 0.113 0.000
 0.000 0.145 0.288 0.433 0.584 0.737 0.895 1.058 1.226 1.404 1.593 1.792 1.995 2.191 2.396 2.606 2.817 3.015 3.248 3.370 3.519 3.646 3.744 3.808 3.836 3.828 3.786 3.709 3.595 3.450 3.278 3.083 2.875 2.658 2.438 2.209 1.989 1.771 1.561 1.370 1.181 1.023 0.883 0.743 0.606 0.486 0.378 0.277 0.181 0.091 0.000
 0.000 0.116 0.230 0.346 0.467 0.587 0.714 0.839 0.970 1.107 1.254 1.406 1.558 1.712 1.870 2.039 2.210 2.357 2.505 2.624 2.737 2.834 2.912 2.960 2.981 2.973 2.939 2.877 2.788 2.675 2.537 2.383 2.223 2.055 1.884 1.714 1.536 1.362 1.195 1.053 0.896 0.780 0.649 0.574 0.469 0.374 0.290 0.212 0.142 0.069 0.000
 0.000 0.087 0.173 0.263 0.362 0.446 0.537 0.630 0.724 0.821 0.924 1.035 1.146 1.258 1.370 1.498 1.624 1.738 1.840 1.929 2.011 2.079 2.136 2.170 2.185 2.180 2.154 2.107 2.041 1.956 1.850 1.736 1.622 1.502 1.382 1.270 1.127 0.996 0.875 0.768 0.656 0.564 0.462 0.413 0.341 0.271 0.209 0.164 0.129 0.056 0.000
 0.000 0.057 0.116 0.180 0.247 0.304 0.359 0.419 0.481 0.543 0.606 0.680 0.755 0.829 0.905 0.988 1.072 1.152 1.214 1.267 1.325 1.366 1.400 1.423 1.430 1.431 1.415 1.383 1.340 1.283 1.212 1.138 1.064 0.984 0.903 0.823 0.732 0.649 0.569 0.525 0.430 0.367 0.314 0.267 0.221 0.174 0.143 0.132 0.078 0.035 0.000
 0.000 0.028 0.056 0.092 0.128 0.160 0.183 0.211 0.241 0.273 0.304 0.339 0.375 0.412 0.450 0.490 0.532 0.571 0.597 0.610 0.655 0.677 0.693 0.705 0.710 0.710 0.702 0.686 0.664 0.635 0.600 0.562 0.527 0.489 0.449 0.406 0.361 0.319 0.282 0.247 0.213 0.182 0.156 0.124 0.103 0.083 0.069 0.056 0.034 0.018 0.000
 0.000 0.000 0.000 0.000 0.000 0.000 0.000 0.000 0.000 0.000 0.000 0.000 0.000 0.000 0.000 0.000 0.000 0.000 0.000 0.000 0.000 0.000 0.000 0.000 0.000 0.000 0.000 0.000 0.000 0.000 0.000 0.000 0.000 0.000 0.000 0.000 0.000 0.000 0.000 0.000 0.000 0.000 0.000 0.000 0.000 0.000 0.000 0.000 0.000 0.000 0.000
