51 51
 100.000 100.000 100.000 100.000 100.000 100.000 100.000 100.000 100.000 100.000 100.000 100.000 100.000 100.000 100.000 100.000 100.000 100.000 100.000 100.000 100.000 100.000 100.000 100.000 100.000 100.000 100.000 100.000 100.000 100.000 100.000 100.000 100.000 100.000 100.000 100.000 100.000 100.000 100.000 100.000 100.000 100.000 100.000 100.000 100.000 100.000 100.000 100.000 100.000 100.000 100.000
 0.000 49.213 68.201 76.739 81.097 83.537 84.990 85.889 86.457 86.821 87.056 87.207 87.304 87.367 87.409 87.437 87.457 87.473 87.485 87.496 87.506 87.515 87.522 87.528 87.532 87.534 87.534 87.532 87.528 87.522 87.514 87.504 87.494 87.481 87.465 87.444 87.414 87.372 87.308 87.210 87.058 86.823 86.459 85.890 84.991 83.538 81.097 76.739 68.201 49.213 0.000
 0.000 28.690 46.929 57.769 64.258 68.238 70.737 72.334 73.366 74.035 74.470 74.753 74.937 75.058 75.138 75.194 75.235 75.267 75.293 75.317 75.339 75.358 75.375 75.388 75.397 75.402 75.402 75.397 75.387 75.374 75.356 75.336 75.312 75.284 75.251 75.208 75.151 75.068 74.946 74.760 74.475 74.039 73.368 72.336 70.739 68.239 64.259 57.770 46.930 28.690 0.000
 0.000 18.692 33.205 43.367 50.210 54.760 57.779 59.782 61.110 61.989 62.569 62.951 63.203 63.371 63.485 63.567 63.630 63.681 63.726 63.767 63.805 63.839 63.869 63.893 63.910 63.919 63.919 63.910 63.893 63.868 63.837 63.801 63.760 63.713 63.659 63.594 63.508 63.390 63.218 62.963 62.578 61.996 61.115 59.785 57.781 54.762 50.211 43.368 33.205 18.692 0.000
 0.000 12.978 24.039 32.590 38.850 43.292 46.388 48.519 49.972 50.955 51.616 52.059 52.357 52.561 52.705 52.813 52.900 52.976 53.046 53.112 53.174 53.232 53.282 53.322 53.350 53.365 53.365 53.350 53.321 53.280 53.229 53.169 53.103 53.031 52.951 52.858 52.743 52.592 52.382 52.079 51.631 50.967 49.981 48.525 46.393 43.295 38.852 32.592 24.040 12.979 0.000
 0.000 9.312 17.636 24.480 29.792 33.757 36.638 38.688 40.124 41.118 41.801 42.269 42.593 42.822 42.994 43.131 43.250 43.360 43.466 43.569 43.668 43.760 43.841 43.906 43.952 43.976 43.976 43.952 43.906 43.839 43.757 43.663 43.560 43.450 43.332 43.204 43.056 42.874 42.634 42.302 41.826 41.137 40.138 38.698 36.645 33.762 29.795 24.482 17.638 9.312 0.000
 0.000 6.776 12.998 18.319 22.623 25.963 28.473 30.313 31.636 32.574 33.234 33.699 34.034 34.285 34.486 34.660 34.822 34.981 35.140 35.299 35.453 35.598 35.725 35.829 35.902 35.939 35.939 35.901 35.828 35.724 35.595 35.448 35.289 35.124 34.953 34.776 34.586 34.368 34.101 33.752 33.274 32.604 31.658 30.329 28.484 25.970 22.628 18.322 13.000 6.777 0.000
 0.000 4.945 9.561 13.611 16.987 19.686 21.772 23.341 24.498 25.339 25.949 26.397 26.737 27.011 27.250 27.475 27.699 27.929 28.166 28.407 28.644 28.866 29.063 29.223 29.336 29.395 29.395 29.336 29.222 29.062 28.863 28.638 28.398 28.151 27.903 27.656 27.406 27.141 26.841 26.479 26.011 25.385 24.531 23.365 21.788 19.697 16.994 13.616 9.563 4.947 0.000
 0.000 3.594 6.984 10.013 12.594 14.706 16.377 17.665 18.639 19.369 19.920 20.347 20.697 21.004 21.298 21.596 21.909 22.242 22.593 22.952 23.308 23.644 23.942 24.184 24.355 24.443 24.443 24.355 24.183 23.940 23.641 23.303 22.944 22.579 22.219 21.871 21.534 21.201 20.855 20.471 20.015 19.440 18.690 17.701 16.402 14.722 12.605 10.020 6.988 3.596 0.000
 0.000 2.590 5.050 7.277 9.207 10.818 12.120 13.148 13.948 14.572 15.070 15.485 15.857 16.218 16.592 16.995 17.436 17.916 18.427 18.955 19.480 19.976 20.416 20.775 21.028 21.159 21.159 21.027 20.774 20.415 19.974 19.476 18.948 18.415 17.896 17.403 16.943 16.510 16.093 15.670 15.210 14.677 14.024 13.201 12.156 10.842 9.223 7.287 5.056 2.592 0.000
 0.000 1.844 3.606 5.218 6.634 7.837 8.831 9.637 10.290 10.827 11.288 11.711 12.130 12.573 13.063 13.615 14.234 14.917 15.650 16.411 17.168 17.885 18.522 19.041 19.407 19.597 19.597 19.407 19.040 18.521 17.883 17.165 16.405 15.640 14.900 14.207 13.572 12.997 12.472 11.979 11.492 10.979 10.400 9.714 8.884 7.872 6.657 5.232 3.615 1.848 0.000
 0.000 1.296 2.541 3.689 4.712 5.597 6.347 6.979 7.518 7.996 8.447 8.905 9.403 9.967 10.620 11.375 12.236 13.193 14.225 15.299 16.369 17.382 18.283 19.016 19.534 19.803 19.803 19.534 19.016 18.282 17.381 16.366 15.294 14.217 13.180 12.214 11.341 10.568 9.888 9.286 8.738 8.212 7.674 7.089 6.422 5.647 4.744 3.709 2.552 1.302 0.000
 0.000 0.899 1.766 2.574 3.305 3.952 4.520 5.025 5.489 5.941 6.414 6.941 7.557 8.289 9.161 10.186 11.365 12.681 14.105 15.588 17.066 18.467 19.712 20.726 21.442 21.813 21.813 21.442 20.725 19.711 18.466 17.064 15.584 14.099 12.671 11.348 10.160 9.122 8.230 7.469 6.817 6.240 5.705 5.177 4.624 4.021 3.350 2.602 1.782 0.906 0.000
 0.000 0.616 1.214 1.777 2.298 2.775 3.217 3.639 4.066 4.527 5.057 5.693 6.472 7.427 8.583 9.954 11.539 13.314 15.235 17.238 19.235 21.128 22.810 24.179 25.147 25.648 25.648 25.147 24.179 22.809 21.127 19.233 17.235 15.231 13.306 11.526 9.935 8.554 7.383 6.408 5.603 4.932 4.359 3.845 3.358 2.870 2.359 1.815 1.235 0.626 0.000
 0.000 0.419 0.829 1.223 1.598 1.961 2.322 2.702 3.127 3.631 4.256 5.042 6.034 7.271 8.783 10.585 12.672 15.014 17.550 20.194 22.831 25.330 27.551 29.359 30.636 31.298 31.298 30.636 29.358 27.551 25.329 22.830 20.192 17.547 15.008 12.663 10.571 8.762 7.240 5.989 4.979 4.169 3.515 2.975 2.510 2.086 1.679 1.273 0.857 0.432 0.000
 0.000 0.285 0.568 0.848 1.129 1.421 1.740 2.111 2.567 3.148 3.902 4.881 6.137 7.718 9.659 11.980 14.671 17.691 20.964 24.376 27.779 31.003 33.869 36.201 37.850 38.703 38.703 37.849 36.201 33.869 31.003 27.778 24.374 20.962 17.687 14.664 11.970 9.645 7.697 6.107 4.838 3.844 3.070 2.465 1.982 1.583 1.234 0.913 0.605 0.302 0.000
 0.000 0.197 0.397 0.605 0.828 1.083 1.390 1.782 2.296 2.984 3.902 5.114 6.682 8.666 11.109 14.033 17.425 21.234 25.362 29.664 33.955 38.021 41.634 44.574 46.653 47.729 47.729 46.652 44.574 41.634 38.021 33.955 29.663 25.360 21.232 17.421 14.026 11.099 8.652 6.662 5.085 3.863 2.932 2.229 1.698 1.288 0.961 0.687 0.444 0.218 0.000
 0.000 0.142 0.291 0.455 0.649 0.892 1.211 1.644 2.241 3.060 4.171 5.650 7.574 10.014 13.022 16.624 20.805 25.500 30.587 35.888 41.176 46.185 50.636 54.258 56.818 58.143 58.143 56.818 54.258 50.636 46.185 41.175 35.887 30.586 25.498 20.802 16.620 13.016 10.004 7.561 5.631 4.146 3.027 2.198 1.591 1.145 0.813 0.557 0.349 0.168 0.000
 0.000 0.109 0.229 0.371 0.555 0.803 1.151 1.643 2.338 3.308 4.633 6.407 8.719 11.655 15.277 19.615 24.651 30.305 36.430 42.814 49.180 55.211 60.568 64.928 68.009 69.605 69.605 68.009 64.928 60.568 55.210 49.180 42.813 36.430 30.303 24.649 19.613 15.273 11.649 8.711 6.395 4.618 3.287 2.311 1.609 1.109 0.752 0.494 0.299 0.141 0.000
 0.000 0.091 0.196 0.331 0.517 0.783 1.171 1.733 2.537 3.668 5.222 7.304 10.024 13.478 17.741 22.846 28.772 35.425 42.633 50.143 57.632 64.726 71.028 76.156 79.780 81.656 81.656 79.780 76.156 71.028 64.726 57.632 50.143 42.632 35.424 28.771 22.845 17.738 13.474 10.019 7.297 5.212 3.655 2.521 1.711 1.144 0.750 0.476 0.279 0.129 0.000
 0.000 0.084 0.184 0.319 0.515 0.806 1.239 1.875 2.793 4.088 5.871 8.264 11.391 15.363 20.265 26.136 32.950 40.599 48.886 57.519 66.127 74.280 81.523 87.416 91.580 93.737 93.737 91.580 87.416 81.523 74.280 66.127 57.519 48.885 40.599 32.949 26.135 20.264 15.361 11.388 8.260 5.865 4.080 2.783 1.862 1.222 0.784 0.486 0.279 0.127 0.000
 0.000 0.082 0.182 0.323 0.534 0.852 1.332 2.041 3.068 4.520 6.523 9.211 12.724 17.187 22.695 29.292 36.947 45.539 54.847 64.543 74.211 83.367 91.500 98.118 102.794 105.215 105.215 102.794 98.118 91.500 83.367 74.211 64.543 54.847 45.539 36.946 29.291 22.694 17.186 12.722 9.209 6.519 4.516 3.062 2.033 1.320 0.836 0.511 0.289 0.130 0.000
 0.000 0.083 0.186 0.335 0.561 0.906 1.429 2.204 3.330 4.923 7.120 10.072 13.928 18.828 24.875 32.116 40.518 49.949 60.163 70.804 81.412 91.459 100.383 107.643 112.773 115.430 115.430 112.773 107.643 100.383 91.459 81.412 70.804 60.163 49.949 40.518 32.116 24.875 18.828 13.927 10.070 7.118 4.920 3.326 2.199 1.420 0.894 0.542 0.304 0.136 0.000
 0.000 0.085 0.193 0.349 0.588 0.956 1.514 2.345 3.551 5.259 7.616 10.782 14.918 20.173 26.659 34.424 43.434 53.547 64.499 75.908 87.281 98.052 107.619 115.403 120.902 123.750 123.750 120.902 115.403 107.619 98.052 87.281 75.908 64.499 53.547 43.434 34.424 26.659 20.173 14.918 10.781 7.615 5.258 3.548 2.341 1.508 0.945 0.570 0.319 0.142 0.000
 0.000 0.087 0.198 0.360 0.609 0.993 1.577 2.447 3.710 5.500 7.969 11.286 15.621 21.128 27.923 36.059 45.498 56.093 67.566 79.517 91.432 102.714 112.735 120.888 126.649 129.631 129.631 126.649 120.888 112.735 102.714 91.432 79.518 67.567 56.093 45.499 36.059 27.923 21.128 15.621 11.286 7.969 5.499 3.708 2.444 1.572 0.983 0.592 0.331 0.147 0.000
 0.000 0.088 0.201 0.365 0.619 1.012 1.609 2.499 3.792 5.624 8.152 11.547 15.984 21.621 28.576 36.904 46.567 57.410 69.154 81.386 93.580 105.127 115.384 123.728 129.624 132.676 132.676 129.624 123.728 115.384 105.128 93.580 81.386 69.154 57.411 46.567 36.905 28.577 21.622 15.985 11.548 8.152 5.624 3.791 2.497 1.604 1.003 0.603 0.337 0.150 0.000
 0.000 0.088 0.199 0.364 0.617 1.009 1.606 2.496 3.789 5.620 8.148 11.543 15.980 21.617 28.572 36.900 46.562 57.406 69.150 81.382 93.576 105.123 115.380 123.724 129.620 132.672 132.672 129.620 123.724 115.380 105.123 93.576 81.382 69.150 57.407 46.563 36.901 28.573 21.618 15.981 11.544 8.148 5.620 3.788 2.494 1.602 1.001 0.602 0.335 0.149 0.000
 0.000 0.085 0.194 0.354 0.602 0.984 1.567 2.436 3.698 5.487 7.956 11.273 15.607 21.113 27.908 36.044 45.484 56.078 67.552 79.503 91.418 102.700 112.721 120.874 126.635 129.617 129.617 126.635 120.874 112.721 102.700 91.418 79.504 67.553 56.079 45.485 36.045 27.909 21.114 15.608 11.274 7.957 5.487 3.698 2.434 1.563 0.976 0.587 0.327 0.145 0.000
 0.000 0.081 0.185 0.337 0.573 0.938 1.494 2.322 3.527 5.233 7.589 10.753 14.889 20.144 26.629 34.395 43.405 53.517 64.470 75.878 87.252 98.023 107.590 115.374 120.873 123.721 123.721 120.873 115.374 107.590 98.023 87.252 75.879 64.470 53.518 43.406 34.396 26.631 20.146 14.891 10.755 7.590 5.234 3.526 2.320 1.490 0.930 0.559 0.311 0.138 0.000
 0.000 0.075 0.172 0.314 0.533 0.873 1.391 2.163 3.285 4.875 7.070 10.020 13.876 18.775 24.821 32.062 40.464 49.895 60.109 70.750 81.358 91.405 100.329 107.590 112.720 115.376 115.376 112.720 107.590 100.329 91.405 81.359 70.750 60.110 49.896 40.465 32.063 24.822 18.776 13.877 10.021 7.071 4.876 3.284 2.161 1.387 0.866 0.520 0.290 0.129 0.000
 0.000 0.069 0.156 0.285 0.485 0.794 1.265 1.967 2.988 4.436 6.434 9.120 12.631 17.093 22.600 29.196 36.851 45.444 54.751 64.447 74.115 83.271 91.405 98.022 102.698 105.119 105.119 102.698 98.022 91.405 83.272 74.116 64.448 54.752 45.444 36.852 29.197 22.602 17.094 12.632 9.121 6.435 4.436 2.988 1.966 1.262 0.787 0.473 0.263 0.117 0.000
 0.000 0.061 0.139 0.253 0.430 0.705 1.123 1.747 2.655 3.942 5.719 8.108 11.231 15.201 20.102 25.972 32.785 40.434 48.721 57.354 65.962 74.115 81.358 87.251 91.416 93.572 93.572 91.416 87.251 81.358 74.115 65.962 57.354 48.721 40.435 32.786 25.973 20.103 15.202 11.233 8.109 5.720 3.943 2.655 1.746 1.120 0.699 0.420 0.234 0.104 0.000
 0.000 0.053 0.120 0.219 0.373 0.611 0.974 1.516 2.304 3.422 4.966 7.041 9.755 13.205 17.466 22.570 28.495 35.147 42.355 49.865 57.354 64.448 70.750 75.878 79.501 81.378 81.378 79.501 75.878 70.750 64.448 57.354 49.865 42.355 35.148 28.496 22.571 17.467 13.207 9.756 7.042 4.966 3.422 2.304 1.515 0.972 0.606 0.364 0.203 0.090 0.000
 0.000 0.045 0.102 0.186 0.316 0.517 0.825 1.284 1.953 2.901 4.211 5.972 8.276 11.206 14.824 19.160 24.194 29.846 35.972 42.355 48.721 54.751 60.109 64.469 67.550 69.146 69.146 67.550 64.469 60.109 54.751 48.721 42.355 35.972 29.847 24.194 19.161 14.825 11.207 8.277 5.973 4.211 2.901 1.953 1.284 0.823 0.513 0.308 0.171 0.076 0.000
 0.000 0.037 0.084 0.153 0.261 0.428 0.683 1.063 1.616 2.402 3.488 4.948 6.859 9.289 12.291 15.890 20.068 24.761 29.847 35.148 40.435 45.444 49.895 53.517 56.077 57.402 57.402 56.077 53.517 49.895 45.444 40.435 35.148 29.847 24.761 20.068 15.890 12.292 9.290 6.860 4.949 3.488 2.402 1.616 1.062 0.681 0.425 0.255 0.142 0.063 0.000
 0.000 0.030 0.068 0.124 0.211 0.345 0.551 0.859 1.307 1.943 2.822 4.005 5.553 7.522 9.956 12.873 16.261 20.068 24.194 28.495 32.786 36.852 40.464 43.405 45.483 46.559 46.559 45.483 43.405 40.464 36.852 32.786 28.496 24.194 20.068 16.262 12.874 9.956 7.523 5.553 4.005 2.822 1.943 1.307 0.858 0.550 0.343 0.206 0.114 0.051 0.000
 0.000 0.023 0.053 0.097 0.166 0.272 0.435 0.678 1.032 1.535 2.230 3.166 4.391 5.950 7.877 10.188 12.873 15.890 19.161 22.571 25.973 29.197 32.063 34.395 36.043 36.897 36.897 36.043 34.395 32.063 29.197 25.973 22.571 19.161 15.890 12.874 10.189 7.878 5.951 4.392 3.166 2.230 1.535 1.032 0.678 0.434 0.270 0.162 0.090 0.040 0.000
 0.000 0.018 0.041 0.075 0.128 0.210 0.335 0.523 0.796 1.184 1.721 2.445 3.392 4.598 6.089 7.877 9.956 12.292 14.825 17.467 20.103 22.601 24.822 26.630 27.907 28.569 28.569 27.907 26.630 24.822 22.601 20.103 17.467 14.825 12.292 9.956 7.878 6.089 4.598 3.392 2.445 1.722 1.184 0.796 0.522 0.334 0.208 0.125 0.069 0.031 0.000
 0.000 0.013 0.031 0.056 0.096 0.158 0.252 0.393 0.599 0.892 1.298 1.844 2.559 3.471 4.598 5.950 7.523 9.290 11.207 13.207 15.202 17.094 18.776 20.145 21.112 21.614 21.614 21.112 20.145 18.776 17.094 15.202 13.207 11.207 9.290 7.523 5.951 4.598 3.471 2.560 1.844 1.298 0.893 0.599 0.393 0.252 0.157 0.094 0.052 0.023 0.000
 0.000 0.010 0.023 0.041 0.070 0.116 0.185 0.289 0.441 0.657 0.956 1.359 1.887 2.560 3.392 4.391 5.553 6.860 8.277 9.756 11.233 12.633 13.877 14.890 15.606 15.977 15.977 15.606 14.890 13.877 12.632 11.233 9.756 8.277 6.860 5.553 4.392 3.392 2.560 1.887 1.359 0.956 0.657 0.441 0.289 0.185 0.115 0.069 0.038 0.017 0.000
 0.000 0.007 0.016 0.030 0.051 0.083 0.133 0.208 0.317 0.472 0.688 0.978 1.359 1.844 2.445 3.166 4.005 4.949 5.973 7.042 8.110 9.122 10.022 10.754 11.272 11.540 11.540 11.272 10.754 10.021 9.121 8.109 7.042 5.973 4.949 4.005 3.166 2.445 1.844 1.359 0.978 0.688 0.472 0.317 0.208 0.133 0.082 0.049 0.027 0.012 0.000
 0.000 0.005 0.011 0.021 0.035 0.058 0.093 0.146 0.222 0.332 0.483 0.688 0.956 1.298 1.721 2.230 2.822 3.488 4.212 4.967 5.721 6.436 7.072 7.590 7.956 8.145 8.145 7.955 7.589 7.071 6.436 5.721 4.967 4.212 3.489 2.822 2.230 1.722 1.298 0.956 0.688 0.483 0.332 0.223 0.146 0.093 0.058 0.035 0.019 0.008 0.000
 0.000 0.003 0.008 0.014 0.024 0.040 0.064 0.100 0.153 0.228 0.332 0.472 0.657 0.892 1.184 1.535 1.943 2.403 2.902 3.423 3.943 4.437 4.876 5.234 5.487 5.617 5.617 5.486 5.233 4.876 4.437 3.943 3.423 2.902 2.403 1.943 1.535 1.184 0.893 0.657 0.472 0.332 0.228 0.153 0.100 0.064 0.040 0.024 0.013 0.006 0.000
 0.000 0.002 0.005 0.009 0.016 0.027 0.043 0.067 0.102 0.153 0.222 0.317 0.441 0.599 0.796 1.032 1.307 1.617 1.953 2.305 2.656 2.989 3.285 3.527 3.697 3.785 3.785 3.697 3.526 3.285 2.989 2.656 2.304 1.953 1.617 1.307 1.032 0.796 0.600 0.441 0.317 0.223 0.153 0.102 0.067 0.043 0.026 0.016 0.009 0.004 0.000
 0.000 0.001 0.003 0.006 0.011 0.017 0.028 0.044 0.067 0.100 0.146 0.208 0.289 0.393 0.522 0.678 0.859 1.063 1.284 1.516 1.747 1.967 2.162 2.321 2.434 2.492 2.492 2.433 2.321 2.162 1.966 1.747 1.516 1.284 1.063 0.859 0.678 0.522 0.393 0.289 0.208 0.146 0.100 0.067 0.044 0.028 0.017 0.010 0.006 0.003 0.000
 0.000 0.001 0.002 0.004 0.007 0.011 0.018 0.028 0.043 0.064 0.093 0.133 0.185 0.252 0.334 0.434 0.550 0.681 0.824 0.973 1.122 1.263 1.389 1.491 1.563 1.601 1.600 1.563 1.490 1.388 1.263 1.121 0.973 0.824 0.682 0.551 0.434 0.335 0.252 0.185 0.133 0.093 0.064 0.043 0.028 0.018 0.011 0.007 0.004 0.002 0.000
 0.000 0.001 0.001 0.002 0.004 0.007 0.011 0.017 0.026 0.040 0.058 0.082 0.115 0.157 0.208 0.270 0.343 0.425 0.514 0.607 0.700 0.789 0.867 0.931 0.977 1.000 1.000 0.976 0.931 0.867 0.788 0.700 0.607 0.514 0.425 0.343 0.271 0.208 0.157 0.115 0.083 0.058 0.040 0.026 0.017 0.011 0.007 0.004 0.002 0.001 0.000
 0.000 0.000 0.001 0.001 0.002 0.004 0.007 0.010 0.016 0.024 0.035 0.049 0.069 0.094 0.125 0.162 0.206 0.255 0.309 0.365 0.421 0.474 0.521 0.560 0.587 0.601 0.601 0.587 0.560 0.521 0.474 0.421 0.365 0.309 0.255 0.206 0.162 0.125 0.094 0.069 0.049 0.035 0.024 0.016 0.010 0.007 0.004 0.002 0.001 0.001 0.000
 0.000 0.000 0.000 0.001 0.001 0.002 0.004 0.006 0.009 0.013 0.019 0.027 0.038 0.052 0.069 0.090 0.115 0.142 0.172 0.203 0.235 0.264 0.291 0.312 0.327 0.335 0.335 0.327 0.312 0.290 0.264 0.234 0.203 0.172 0.142 0.115 0.090 0.069 0.052 0.038 0.027 0.019 0.013 0.009 0.006 0.004 0.002 0.001 0.001 0.000 0.000
 0.000 0.000 0.000 0.000 0.001 0.001 0.002 0.003 0.004 0.006 0.008 0.012 0.017 0.023 0.031 0.040 0.051 0.063 0.076 0.090 0.104 0.117 0.129 0.139 0.145 0.149 0.149 0.145 0.139 0.129 0.117 0.104 0.090 0.076 0.063 0.051 0.040 0.031 0.023 0.017 0.012 0.008 0.006 0.004 0.003 0.002 0.001 0.001 0.000 0.000 0.000
 0.000 0.000 0.000 0.000 0.000 0.000 0.000 0.000 0.000 0.000 0.000 0.000 0.000 0.000 0.000 0.000 0.000 0.000 0.000 0.000 0.000 0.000 0.000 0.000 0.000 0.000 0.000 0.000 0.000 0.000 0.000 0.000 0.000 0.000 0.000 0.000 0.000 0.000 0.000 0.000 0.000 0.000 0.000 0.000 0.000 0.000 0.000 0.000 0.000 0.000 0.000
