51 51
 100.000 100.000 100.000 100.000 100.000 100.000 100.000 100.000 100.000 100.000 100.000 100.000 100.000 100.000 100.000 100.000 100.000 100.000 100.000 100.000 100.000 100.000 100.000 100.000 100.000 100.000 100.000 100.000 100.000 100.000 100.000 100.000 100.000 100.000 100.000 100.000 100.000 100.000 100.000 100.000 100.000 100.000 100.000 100.000 100.000 100.000 100.000 100.000 100.000 100.000 100.000
 0.000 46.662 63.334 69.917 72.640 73.647 74.281 74.440 74.522 74.482 74.481 74.391 74.337 74.322 74.304 74.277 74.360 74.444 74.467 74.417 74.321 74.339 74.403 74.405 74.315 74.189 74.231 74.306 74.432 74.432 74.526 74.583 74.584 74.592 74.429 74.235 74.400 74.149 74.342 74.261 74.144 74.196 74.182 73.790 73.230 73.204 72.416 69.967 63.508 46.751 0.000
 0.000 24.086 36.274 45.389 48.887 50.474 51.223 51.292 51.216 50.534 51.555 51.508 50.932 51.337 51.304 51.215 51.324 51.447 51.520 51.453 51.376 51.366 50.987 51.413 51.311 51.238 51.238 51.355 51.293 51.168 51.474 51.624 51.647 51.704 51.612 51.500 51.360 51.387 51.318 51.322 51.233 51.266 50.886 51.092 50.544 50.118 48.495 45.454 38.405 24.313 0.000
 0.000 12.856 22.003 27.461 30.351 31.943 32.719 32.984 33.112 33.084 33.109 33.046 32.932 32.599 32.739 32.662 32.729 32.807 32.898 32.834 32.845 32.856 32.894 32.872 32.715 32.603 32.566 32.647 32.334 32.762 32.995 33.110 33.158 33.163 32.999 32.792 32.656 32.793 32.725 32.818 32.732 32.769 32.836 32.749 32.224 31.865 30.471 27.688 22.273 13.059 0.000
 0.000 6.794 12.066 15.398 17.647 18.775 19.303 19.500 19.540 19.541 19.615 19.608 19.562 19.433 19.353 19.255 19.347 19.438 19.485 19.410 19.352 19.318 19.336 19.292 19.050 18.973 19.125 18.835 19.293 18.970 19.494 19.586 19.662 19.646 19.444 19.239 19.233 19.312 19.175 18.824 19.157 19.304 19.427 19.419 19.174 18.683 17.669 15.714 12.236 6.887 0.000
 0.000 3.502 6.199 8.341 9.611 10.236 10.515 10.581 10.533 10.459 10.633 10.692 10.660 10.587 10.492 10.460 10.553 10.638 10.650 10.553 10.393 10.300 10.358 10.435 10.382 10.322 10.316 10.300 10.497 10.563 10.575 10.659 10.749 10.764 10.625 10.487 10.420 10.511 10.505 10.552 10.537 10.564 10.672 10.660 10.429 10.030 9.447 8.329 6.304 3.512 0.000
 0.000 1.762 3.246 4.296 4.918 4.975 5.296 5.298 5.242 5.201 5.255 5.258 5.226 5.178 5.127 5.158 5.248 5.371 5.462 5.392 5.215 4.988 5.051 5.143 5.182 5.093 4.972 4.951 4.951 5.246 5.217 5.316 5.412 5.238 5.276 5.265 5.039 5.232 5.313 5.040 5.246 5.488 5.505 5.459 5.108 5.027 4.635 4.111 3.146 1.732 0.000
 0.000 0.878 1.624 2.142 2.424 2.499 2.408 2.378 2.268 2.063 2.133 2.088 2.059 2.034 1.999 2.131 2.248 2.347 2.414 2.400 2.429 2.318 2.322 2.298 2.344 2.316 2.321 2.344 2.419 2.428 2.295 2.470 2.521 2.532 2.494 2.526 2.483 2.539 2.545 2.647 2.729 2.668 2.666 2.504 2.547 2.396 2.185 1.925 1.502 0.827 0.000
 0.000 0.441 0.807 1.041 1.184 1.176 1.059 0.863 0.626 0.424 0.246 0.077 0.088 0.103 0.192 0.378 0.579 0.764 0.918 1.034 1.106 1.090 1.092 1.063 1.067 1.029 1.028 1.042 1.054 1.052 1.067 1.079 1.096 1.109 1.127 1.172 1.211 1.269 1.340 1.420 1.464 1.459 1.371 1.281 1.175 1.079 0.978 0.855 0.678 0.376 0.000
 0.000 0.239 0.771 0.559 0.593 0.506 0.320 -0.038 -0.471 -0.887 -1.254 -1.569 -1.535 -1.482 -1.265 -0.920 -0.527 0.232 0.140 0.363 0.493 0.541 0.547 0.520 0.514 0.484 0.463 0.454 0.445 0.439 0.442 0.447 0.459 0.492 0.540 0.600 0.666 0.747 0.831 0.869 0.890 0.842 0.745 0.661 0.571 0.472 0.413 0.367 0.298 0.164 0.000
 0.000 0.144 0.272 0.325 0.250 0.026 -0.275 -0.797 -1.497 -2.225 -2.855 -3.304 -3.416 -3.315 -2.889 -2.280 -1.545 -0.916 -0.391 -0.012 0.219 0.329 0.359 0.349 0.329 0.297 0.270 0.242 0.195 0.198 0.192 0.194 0.211 0.266 0.332 0.406 0.482 0.560 0.628 0.647 0.636 0.573 0.482 0.398 0.328 0.252 0.205 0.182 0.151 0.092 0.000
 0.000 0.090 0.200 0.187 -0.031 -0.465 -0.864 -1.597 -2.633 -3.779 -4.824 -5.579 -5.891 -5.723 -4.985 -3.940 -2.724 -1.762 -0.907 -0.286 0.100 0.289 0.349 0.347 0.328 0.358 0.254 0.209 0.168 0.135 0.118 0.107 0.118 0.208 0.298 0.383 0.459 0.522 0.568 0.581 0.550 0.465 0.363 0.279 0.221 0.165 0.131 0.120 0.104 0.067 0.000
 0.000 0.059 0.145 0.108 -0.235 -0.886 -1.386 -2.329 -3.765 -5.401 -6.945 -8.124 -8.738 -8.597 -7.455 -5.883 -4.241 -2.765 -1.474 -0.519 0.079 0.750 0.461 0.470 0.425 0.376 0.324 0.265 0.210 0.164 0.131 0.099 0.097 0.223 0.343 0.435 0.500 0.541 0.565 0.573 0.524 0.418 0.307 0.227 0.178 0.133 0.104 0.095 0.083 0.057 0.000
 0.000 0.085 0.183 0.220 -0.010 -0.617 -1.364 -2.728 -4.601 -6.701 -8.760 -10.385 -11.504 -11.544 -9.918 -7.947 -5.756 -3.737 -1.921 -0.650 0.148 0.559 0.649 0.661 0.607 0.540 0.469 0.394 0.324 0.264 0.218 0.188 0.196 0.309 0.426 0.532 0.560 0.570 0.557 0.541 0.472 0.367 0.274 0.217 0.182 0.141 0.104 0.093 0.091 0.058 0.000
 0.000 0.129 0.275 0.475 0.441 -0.117 -0.976 -2.656 -4.864 -7.311 -9.867 -11.728 -13.509 -13.462 -11.588 -9.666 -6.301 -3.755 -1.709 -0.468 0.448 1.005 0.937 0.932 0.900 0.850 0.771 0.675 0.581 0.533 0.395 0.329 0.320 0.402 0.507 0.584 0.604 0.566 0.479 0.449 0.379 0.301 0.245 0.221 0.206 0.176 0.129 0.115 0.157 0.071 0.000
 0.000 0.137 0.296 0.577 0.963 0.027 -0.846 -2.340 -4.506 -7.076 -9.889 -11.643 -13.827 -12.830 -10.778 -8.484 -5.660 -3.259 -1.294 -0.058 0.967 1.440 1.439 1.493 1.549 1.558 1.491 1.282 1.159 1.278 0.826 0.588 0.489 0.498 0.557 0.601 0.591 0.521 0.418 0.347 0.288 0.247 0.222 0.221 0.227 0.262 0.168 0.077 0.450 0.127 0.000
 0.000 0.127 0.317 0.790 0.470 0.018 -0.762 -1.958 -3.698 -5.676 -7.707 -9.266 -11.289 -9.991 -8.495 -6.714 -4.405 -2.306 -0.689 0.530 1.675 2.005 2.372 2.738 3.059 3.244 3.212 2.955 2.602 2.189 1.509 1.131 0.802 0.637 0.581 0.555 0.513 0.431 0.321 0.255 0.230 0.226 0.209 0.211 0.270 0.510 0.217 0.129 0.154 0.065 0.000
 0.000 0.097 0.184 0.313 0.257 0.101 -0.531 -1.399 -2.591 -3.943 -6.078 -6.224 -6.878 -6.365 -5.197 -4.069 -2.492 -0.977 0.330 1.612 2.901 3.397 4.447 5.441 6.293 6.893 6.961 6.456 5.643 4.556 3.348 2.289 1.482 0.957 0.661 0.506 0.415 0.345 0.247 0.185 0.200 0.221 0.182 0.155 0.143 0.184 0.104 0.076 0.070 0.051 0.000
 0.000 0.073 0.142 0.190 0.186 0.071 -0.244 -0.751 -1.440 -2.262 -3.017 -3.590 -3.737 -3.366 -2.458 -1.515 -0.627 0.369 1.500 2.888 4.585 6.467 8.598 10.848 12.672 14.044 14.300 13.346 11.601 9.237 6.687 4.522 2.818 1.645 0.932 0.544 0.349 0.260 0.171 0.136 0.143 0.160 0.121 0.082 0.056 0.043 0.031 0.035 0.020 0.054 0.000
 0.000 0.053 0.100 0.144 0.178 0.159 0.076 -0.203 -0.562 -1.029 -1.437 -1.720 -1.417 -1.185 -0.231 1.455 0.872 1.641 3.042 4.956 8.246 12.031 16.249 20.842 24.600 26.934 27.212 25.159 21.903 17.430 12.690 8.481 5.186 2.926 1.522 0.715 0.391 0.216 0.125 0.091 0.087 0.090 0.061 0.028 0.003 -0.011 -0.017 -0.009 0.010 0.020 0.000
 0.000 0.039 0.073 0.118 0.181 0.236 0.248 0.099 -0.092 -0.285 -0.414 -0.578 -0.581 -0.328 0.209 0.882 1.647 2.946 5.261 9.004 14.610 21.589 29.461 37.454 43.267 47.082 47.221 44.389 38.077 30.110 21.926 14.620 8.924 4.981 2.497 1.209 0.570 0.265 0.131 0.079 0.063 0.052 0.031 0.003 -0.023 -0.039 -0.043 -0.034 -0.016 -0.003 0.000
 0.000 0.035 0.062 0.105 0.377 0.219 0.253 0.197 0.122 0.085 0.006 0.009 -0.023 0.122 0.514 1.168 2.395 4.642 8.331 14.877 24.083 35.683 48.808 61.656 71.724 77.117 77.015 71.013 60.473 47.614 34.614 23.062 13.767 7.886 3.957 1.861 0.855 0.373 0.173 0.096 0.068 0.047 0.026 0.001 -0.023 -0.038 -0.042 -0.037 -0.023 -0.009 0.000
 0.000 0.037 0.064 0.100 0.141 0.181 0.213 0.195 0.141 0.120 0.075 0.152 0.144 0.311 0.730 1.602 3.425 6.916 13.024 22.738 36.526 53.869 73.815 92.667 106.982 114.342 113.359 103.849 87.922 68.852 49.844 33.035 20.362 11.408 5.820 2.703 1.233 0.472 0.235 0.126 0.081 0.056 0.039 0.020 0.003 -0.009 -0.014 -0.012 -0.008 -0.003 0.000
 0.000 0.041 0.079 0.106 0.136 0.156 0.168 0.164 0.133 0.122 0.094 0.140 0.220 0.538 0.935 2.123 4.650 9.164 18.060 31.594 50.671 74.848 101.639 126.628 146.613 154.095 151.918 138.482 116.683 90.712 65.340 43.431 26.612 14.921 7.751 3.729 1.679 0.697 0.314 0.166 0.105 0.081 0.068 0.060 0.057 0.053 0.048 0.042 0.031 0.016 0.000
 0.000 0.057 0.126 0.133 0.148 0.154 0.149 0.144 0.132 0.132 0.136 0.177 0.283 0.531 1.135 2.619 5.802 11.985 22.865 39.983 63.921 94.109 126.994 157.000 178.753 188.590 185.020 170.024 142.465 109.374 77.969 51.493 31.473 17.731 9.265 4.488 2.036 0.878 0.400 0.211 0.139 0.114 0.110 0.124 0.140 0.147 0.141 0.122 0.087 0.044 0.000
 0.000 0.099 0.229 0.195 0.209 0.198 0.177 0.141 0.148 0.171 0.181 0.218 0.339 0.604 1.277 2.937 6.550 13.597 26.138 45.767 73.201 107.450 144.518 177.289 200.397 210.140 205.051 183.895 152.621 117.386 83.750 55.246 33.667 18.991 9.964 4.813 2.235 1.008 0.482 0.265 0.177 0.151 0.169 0.254 0.252 0.253 0.238 0.201 0.140 0.069 0.000
 0.000 0.105 0.239 0.228 0.231 0.219 0.182 0.155 0.175 0.215 0.220 0.246 0.331 0.620 1.258 2.955 6.684 13.988 27.078 47.414 75.805 111.129 149.189 181.976 207.592 212.703 205.579 183.932 153.638 115.690 82.081 53.802 31.916 18.186 9.586 4.512 2.159 1.040 0.529 0.306 0.218 0.244 0.265 0.452 0.378 0.333 0.302 0.242 0.632 0.078 0.000
 0.000 0.144 0.310 0.286 0.267 0.247 0.203 0.170 0.177 0.206 0.229 0.317 0.372 0.648 1.226 2.939 6.307 13.354 25.502 44.406 70.906 103.978 139.536 169.565 189.326 196.941 188.849 167.350 136.542 104.240 73.078 47.130 28.778 16.182 8.492 4.114 1.962 1.000 0.552 0.351 0.344 0.619 0.316 0.359 0.366 0.355 0.321 0.258 0.166 0.069 0.000
 0.000 0.099 0.218 0.243 0.255 0.245 0.215 0.235 0.168 0.169 0.240 0.450 0.414 0.611 1.216 2.878 5.613 11.456 21.655 37.597 59.858 87.351 116.628 141.888 158.432 163.897 156.070 137.437 112.641 84.587 59.203 38.270 23.027 12.966 6.867 3.484 1.735 0.954 0.597 0.415 0.341 0.370 0.335 0.375 0.411 0.378 0.323 0.248 0.154 0.059 0.000
 0.000 0.072 0.153 0.208 0.224 0.215 0.247 0.469 0.191 -0.113 0.133 0.234 0.273 0.460 0.891 2.018 4.296 8.790 16.626 28.821 45.654 66.664 88.875 108.282 121.127 125.200 118.060 103.189 83.527 62.715 43.525 27.805 16.603 9.489 4.822 2.864 1.567 1.003 0.711 0.533 0.462 0.710 0.451 0.455 0.449 0.505 0.316 0.242 0.156 0.068 0.000
 0.000 0.059 0.122 0.175 0.185 0.166 0.152 0.188 0.106 0.077 0.085 0.121 0.173 0.300 0.605 1.357 2.972 6.084 11.557 20.085 31.831 46.232 61.611 75.063 83.744 85.929 80.900 70.403 56.443 41.617 29.110 18.741 11.347 6.620 3.810 2.279 1.479 1.183 0.898 0.719 0.738 0.643 0.616 0.593 0.570 0.458 0.362 0.272 0.178 0.086 0.000
 0.000 0.226 0.085 0.117 0.127 0.117 0.105 0.093 0.073 0.060 0.066 0.087 0.116 0.145 0.380 0.853 1.863 3.819 7.290 12.694 20.145 29.241 38.935 47.372 52.738 53.863 50.596 43.140 33.703 25.648 17.913 11.703 7.282 4.280 2.804 1.903 1.448 1.274 1.067 0.948 1.082 0.973 0.852 0.760 0.689 0.600 0.797 0.357 0.226 0.109 0.000
 0.000 0.041 0.074 0.095 0.106 0.102 0.092 0.080 0.068 0.069 0.077 0.091 0.108 0.147 0.255 0.514 1.072 2.169 4.162 7.278 11.570 16.844 22.409 27.226 30.280 30.786 28.852 24.807 19.506 14.339 10.152 6.824 4.506 3.032 2.165 1.662 1.367 1.201 1.067 0.999 1.112 1.291 1.123 0.964 0.882 0.826 0.677 0.502 0.293 0.137 0.000
 0.000 0.060 0.092 0.137 0.138 0.129 0.119 0.111 0.107 0.114 0.127 0.145 0.162 0.183 0.236 0.359 0.618 1.152 2.032 3.868 6.150 8.941 11.830 14.259 15.333 16.028 15.008 12.892 10.225 7.504 5.369 3.799 2.779 2.158 1.777 1.449 1.213 1.040 0.872 0.828 0.960 1.120 1.164 1.083 1.068 1.467 0.908 0.739 0.418 0.185 0.000
 0.000 0.191 0.161 0.194 0.202 0.198 0.192 0.186 0.191 0.204 0.225 0.252 0.280 0.297 0.324 0.378 0.491 0.751 1.237 2.034 3.118 4.466 5.842 6.922 7.735 7.745 6.894 6.090 4.756 3.527 2.634 2.135 1.771 1.626 1.475 1.069 0.854 0.695 0.449 0.387 0.673 0.766 1.104 1.102 1.228 1.474 1.072 0.858 0.544 0.264 0.000
 0.000 0.254 0.290 0.325 0.334 0.330 0.324 0.317 0.330 0.352 0.383 0.420 0.465 0.495 0.523 0.558 0.602 0.698 0.865 1.206 1.648 2.250 2.869 3.350 3.595 3.435 3.193 2.657 2.030 1.518 1.216 1.298 1.149 1.200 1.087 0.471 0.217 0.039 -0.269 -0.468 -0.290 0.157 0.677 1.032 1.427 1.473 1.281 1.050 0.735 0.384 0.000
 0.000 0.354 0.411 0.473 0.517 0.532 0.531 0.529 0.541 0.566 0.610 0.680 0.761 0.798 0.840 0.866 0.870 0.876 0.910 1.012 1.163 1.369 1.595 1.830 1.774 1.652 1.458 1.158 0.863 0.628 0.403 0.335 0.478 1.196 0.825 0.381 0.004 -0.355 -0.798 -1.118 -0.921 -0.243 0.442 0.931 1.303 1.459 1.429 1.263 0.958 0.552 0.000
 0.000 0.493 0.607 0.711 0.784 0.808 0.813 0.806 0.816 0.840 0.903 1.056 1.180 1.208 1.247 1.266 1.237 1.210 1.182 1.142 1.154 1.176 1.210 1.236 1.170 1.054 0.903 0.715 0.572 0.444 0.086 -0.210 0.106 0.548 0.697 0.431 0.081 -0.257 -0.666 -0.942 -0.740 -0.136 0.490 0.978 1.319 1.523 1.572 1.442 1.170 0.784 0.000
 0.000 0.569 0.805 0.985 1.387 1.102 1.156 1.111 1.110 1.134 1.224 1.481 1.520 1.605 1.654 1.654 1.630 1.618 1.587 1.415 1.354 1.288 1.230 1.176 1.166 0.984 0.873 0.782 0.759 0.673 0.311 0.038 0.327 0.707 0.809 0.597 0.381 0.412 0.052 -0.024 -0.019 0.427 -0.922 1.135 1.399 1.602 1.752 1.549 1.272 1.025 0.000
 0.000 0.934 1.389 1.158 1.249 1.322 1.484 1.373 1.343 1.378 1.435 1.730 2.209 1.929 2.378 1.842 1.787 1.723 1.656 1.577 1.562 1.486 1.799 1.161 1.010 1.002 0.960 1.050 1.084 0.915 0.689 0.606 0.828 1.047 1.007 0.849 0.691 0.739 0.924 0.839 0.682 0.869 0.994 1.384 1.487 1.669 2.049 1.662 1.155 0.699 0.000
 0.000 0.456 0.841 1.088 1.192 1.245 1.346 1.351 1.415 2.114 1.462 1.638 1.739 2.201 1.869 1.741 1.690 1.640 1.591 1.564 1.593 1.600 1.483 1.257 1.080 1.174 1.138 1.315 1.265 1.099 1.010 1.058 1.228 1.366 1.318 1.389 1.064 1.062 1.036 0.983 0.913 0.944 1.072 1.326 1.368 1.382 1.497 1.479 1.014 0.537 0.000
 0.000 0.370 0.722 0.933 1.027 1.049 1.097 1.147 1.220 1.249 1.226 1.319 1.381 1.512 1.453 1.419 1.397 1.383 1.753 1.341 1.335 1.280 1.227 1.251 1.054 0.985 1.029 1.140 1.390 1.205 1.115 1.154 1.198 1.253 1.212 1.173 1.165 1.234 1.082 0.962 0.951 0.937 1.034 1.152 1.161 1.143 1.229 1.205 0.993 0.487 0.000
 0.000 0.316 0.686 0.865 0.876 0.813 0.796 0.807 0.850 0.910 0.965 1.061 1.108 1.069 1.384 1.092 1.090 1.101 1.053 1.051 1.048 0.960 0.944 1.291 1.099 0.848 0.805 0.829 0.910 0.920 0.948 0.951 1.293 1.300 1.035 0.989 1.000 1.025 0.894 0.808 0.942 0.851 1.106 0.983 0.986 0.925 0.866 0.788 0.757 0.450 0.000
 0.000 0.200 0.402 0.510 0.774 0.544 0.544 0.537 0.567 0.750 0.897 1.008 0.944 0.792 0.746 1.000 1.034 1.044 0.792 0.735 0.728 0.710 0.586 0.873 0.633 0.669 0.614 0.838 0.659 0.725 0.881 0.762 0.927 0.725 0.757 0.769 0.756 0.751 0.684 0.611 1.075 0.633 0.686 0.742 0.739 0.705 0.653 0.577 0.466 0.296 0.000
 0.000 0.144 0.260 0.335 0.403 0.401 0.564 0.393 0.367 0.431 0.481 0.479 0.466 0.392 0.395 0.477 0.494 0.579 0.469 0.457 0.573 0.617 0.369 0.350 0.358 0.398 0.409 0.461 0.508 0.550 0.631 0.891 0.576 0.487 0.486 0.517 0.551 0.556 0.518 0.477 0.476 0.507 0.590 0.615 0.589 0.555 0.508 0.422 0.317 0.183 0.000
 0.000 0.162 0.204 0.233 0.260 0.291 0.335 0.339 0.231 0.269 0.277 0.248 0.224 0.204 0.217 0.244 0.235 0.249 0.245 0.252 0.237 0.236 0.216 0.224 0.236 0.252 0.364 0.359 0.411 0.454 0.491 0.431 0.354 0.317 0.325 0.358 0.384 0.417 0.415 0.400 0.410 0.441 0.485 0.519 0.497 0.455 0.401 0.286 0.219 0.121 0.000
 0.000 0.123 0.198 0.186 0.150 0.145 0.154 0.508 0.115 0.146 0.163 0.152 0.133 0.120 0.121 0.139 0.125 0.138 0.157 0.149 0.145 0.128 0.128 0.140 0.155 0.172 0.225 0.291 0.343 0.377 0.368 0.306 0.246 0.225 0.243 0.292 0.336 0.357 0.386 0.363 0.374 0.391 0.431 0.445 0.396 0.315 0.300 0.241 0.161 0.081 0.000
 0.000 0.125 0.203 0.173 0.115 0.076 0.061 0.049 0.057 0.088 0.118 0.112 0.100 0.080 0.072 0.069 0.063 0.067 0.074 0.079 0.079 0.091 0.092 0.087 0.104 0.129 0.173 0.238 0.257 0.274 0.256 0.214 0.178 0.168 0.193 0.249 0.305 0.327 0.331 0.326 0.308 0.277 0.328 0.332 0.210 0.052 0.108 0.154 0.116 0.058 0.000
 0.000 0.089 0.147 0.137 0.116 0.056 0.030 0.020 0.031 0.061 0.099 0.090 0.073 0.059 0.054 0.040 0.037 0.039 0.044 0.055 0.052 0.052 0.057 0.056 0.072 0.091 0.124 0.158 0.178 0.179 0.163 0.142 0.129 0.123 0.141 0.184 0.236 0.260 0.263 0.236 0.137 0.009 0.115 0.148 -0.010 -0.208 -0.104 0.051 0.071 0.040 0.000
 0.000 0.045 0.081 0.127 0.152 0.058 0.015 0.005 0.008 0.012 0.048 0.046 0.035 0.028 0.024 0.019 0.019 0.020 0.022 0.028 0.029 0.028 0.028 0.029 0.036 0.049 0.068 0.085 0.094 0.091 0.083 0.082 0.080 0.074 0.081 0.099 0.131 0.146 0.141 0.084 -0.082 -0.286 -0.105 -0.007 -0.032 -0.137 -0.057 0.027 0.041 0.030 0.000
 0.000 0.000 0.000 0.000 0.000 0.000 0.000 0.000 0.000 0.000 0.000 0.000 0.000 0.000 0.000 0.000 0.000 0.000 0.000 0.000 0.000 0.000 0.000 0.000 0.000 0.000 0.000 0.000 0.000 0.000 0.000 0.000 0.000 0.000 0.000 0.000 0.000 0.000 0.000 0.000 0.000 0.000 0.000 0.000 0.000 0.000 0.000 0.000 0.000 0.000 0.000
