51 51
 100.000 100.000 100.000 100.000 100.000 100.000 100.000 100.000 100.000 100.000 100.000 100.000 100.000 100.000 100.000 100.000 100.000 100.000 100.000 100.000 100.000 100.000 100.000 100.000 100.000 100.000 100.000 100.000 100.000 100.000 100.000 100.000 100.000 100.000 100.000 100.000 100.000 100.000 100.000 100.000 100.000 100.000 100.000 100.000 100.000 100.000 100.000 100.000 100.000 100.000 100.000
 0.000 49.851 69.470 78.613 83.572 86.548 88.517 89.891 90.891 91.646 92.233 92.679 93.043 93.350 93.579 93.782 93.937 94.068 94.179 94.269 94.343 94.402 94.447 94.481 94.506 94.510 94.506 94.494 94.474 94.430 94.374 94.306 94.222 94.115 93.987 93.823 93.628 93.388 93.094 92.728 92.270 91.687 90.937 89.927 88.548 86.575 83.577 78.628 69.476 49.855 0.000
 0.000 29.934 49.402 61.434 69.067 74.130 77.640 80.166 82.045 83.473 84.593 85.470 86.178 86.762 87.221 87.605 87.923 88.195 88.402 88.581 88.726 88.844 88.934 88.999 89.040 89.056 89.051 89.024 88.974 88.896 88.790 88.654 88.486 88.275 88.019 87.704 87.325 86.855 86.273 85.570 84.683 83.561 82.126 80.240 77.704 74.185 69.113 61.469 49.424 29.946 0.000
 0.000 20.491 36.780 48.668 57.167 63.284 67.768 71.126 73.678 75.669 77.234 78.477 79.488 80.315 80.992 81.546 82.014 82.398 82.718 82.982 83.194 83.370 83.500 83.596 83.656 83.680 83.675 83.633 83.557 83.446 83.291 83.094 82.844 82.535 82.158 81.700 81.146 80.469 79.643 78.627 77.369 75.795 73.806 71.233 67.867 63.371 57.240 48.724 36.816 20.510 0.000
 0.000 15.262 28.572 39.314 47.675 54.108 59.062 62.915 65.917 68.317 70.233 71.781 73.047 74.090 74.953 75.667 76.263 76.750 77.168 77.509 77.786 78.011 78.184 78.308 78.384 78.413 78.411 78.357 78.250 78.114 77.915 77.659 77.336 76.940 76.454 75.866 75.151 74.296 73.254 71.983 70.426 68.500 66.096 63.068 59.202 54.227 47.775 39.390 28.635 15.286 0.000
 0.000 11.996 22.956 32.368 40.147 46.450 51.516 55.587 58.862 61.508 63.678 65.450 66.915 68.133 69.149 69.996 70.704 71.293 71.792 72.203 72.540 72.812 73.021 73.170 73.258 73.307 73.300 73.237 73.117 72.942 72.700 72.387 71.998 71.525 70.945 70.248 69.403 68.392 67.170 65.704 63.922 61.748 59.078 55.783 51.693 46.602 40.272 32.463 23.019 12.021 0.000
 0.000 9.754 18.916 27.092 34.133 40.080 45.026 49.120 52.496 55.292 57.602 59.528 61.136 62.485 63.620 64.569 65.373 66.056 66.621 67.096 67.484 67.800 68.045 68.221 68.331 68.380 68.364 68.298 68.161 67.957 67.678 67.319 66.874 66.329 65.663 64.878 63.926 62.800 61.449 59.835 57.899 55.570 52.759 49.358 45.241 40.265 34.292 27.199 18.996 9.790 0.000
 0.000 8.123 15.874 22.978 29.288 34.769 39.462 43.443 46.804 49.635 52.020 54.034 55.736 57.179 58.400 59.441 60.321 61.066 61.687 62.211 62.652 62.987 63.283 63.483 63.611 63.669 63.656 63.576 63.422 63.193 62.881 62.480 61.985 61.383 60.661 59.794 58.762 57.551 56.109 54.400 52.373 49.968 47.114 43.726 39.714 34.986 29.463 23.108 15.963 8.170 0.000
 0.000 6.883 13.511 19.696 25.317 30.313 34.689 38.478 41.738 44.533 46.927 48.977 50.729 52.232 53.516 54.615 55.544 56.352 57.028 57.597 58.069 58.455 58.749 58.966 59.122 59.187 59.174 59.086 58.907 58.670 58.333 57.900 57.362 56.688 55.939 55.019 53.936 52.662 51.162 49.402 47.339 44.922 42.100 38.807 34.979 30.562 25.520 19.852 13.612 6.931 0.000
 0.000 5.898 11.626 17.036 22.029 26.549 30.585 34.144 37.255 39.968 42.321 44.361 46.115 47.655 48.975 50.103 51.093 51.933 52.646 53.248 53.754 54.169 54.493 54.730 54.884 54.954 54.940 54.848 54.670 54.389 54.048 53.589 53.022 52.333 51.523 50.562 49.444 48.135 46.609 44.835 42.780 40.401 37.661 34.511 30.902 26.829 22.257 17.205 11.735 5.953 0.000
 0.000 5.103 10.085 14.837 19.276 23.344 27.046 30.353 33.279 35.885 38.168 40.166 41.917 43.447 44.781 45.941 46.951 47.817 48.558 49.174 49.701 50.154 50.495 50.747 50.912 50.970 50.970 50.875 50.688 50.409 50.038 49.560 48.967 48.246 47.419 46.438 45.297 43.973 42.448 40.688 38.673 36.364 33.738 30.760 27.403 23.658 19.524 15.022 10.208 5.164 0.000
 0.000 4.449 8.808 12.996 16.948 20.619 23.987 27.031 29.787 32.250 34.436 36.370 38.087 39.598 40.929 42.090 43.120 43.999 44.761 45.420 45.955 46.422 46.776 47.041 47.199 47.291 47.253 47.180 46.990 46.703 46.317 45.822 45.216 44.488 43.636 42.644 41.497 40.179 38.671 36.947 34.989 32.772 30.278 27.483 24.371 20.951 17.218 13.201 8.947 4.519 0.000
 0.000 3.903 7.738 11.443 14.967 18.274 21.337 24.148 26.706 29.021 31.101 32.963 34.624 36.095 37.417 38.583 39.613 40.509 41.284 41.950 42.514 42.957 43.342 43.616 43.797 43.879 43.867 43.747 43.573 43.281 42.882 42.377 41.760 41.026 40.164 39.158 38.030 36.727 35.251 33.575 31.692 29.579 27.228 24.622 21.754 18.631 15.259 11.666 7.890 3.979 0.000
 0.000 3.443 6.833 10.124 13.275 16.256 19.042 21.622 23.994 26.165 28.134 29.913 31.513 32.949 34.240 35.393 36.416 37.315 38.064 38.765 39.343 39.816 40.191 40.473 40.657 40.736 40.728 40.635 40.409 40.137 39.729 39.224 38.605 37.867 37.004 36.015 34.883 33.599 32.169 30.553 28.754 26.746 24.544 22.122 19.482 16.632 13.586 10.363 6.996 3.524 0.000
 0.000 3.053 6.065 9.000 11.826 14.516 17.051 19.419 21.615 23.643 25.500 27.190 28.723 30.115 31.379 32.510 33.520 34.401 35.202 35.880 36.459 36.937 37.319 37.604 37.778 37.871 37.879 37.778 37.574 37.274 36.868 36.357 35.736 34.988 34.142 33.150 32.056 30.811 29.420 27.869 26.155 24.261 22.191 19.946 17.517 14.913 12.153 9.253 6.236 3.135 0.000
 0.000 2.723 5.410 8.038 10.580 13.012 15.320 17.499 19.532 21.425 23.170 24.772 26.246 27.593 28.819 29.909 30.916 31.804 32.588 33.267 33.847 34.329 34.713 34.998 35.185 35.286 35.283 35.179 34.976 34.674 34.268 33.756 33.135 32.395 31.559 30.598 29.516 28.307 26.964 25.482 23.851 22.069 20.132 18.047 15.808 13.423 10.920 8.302 5.588 2.813 0.000
 0.000 2.440 4.850 7.217 9.512 11.722 13.831 15.828 17.713 19.478 21.120 22.640 24.042 25.342 26.531 27.608 28.581 29.457 30.220 30.912 31.492 31.975 32.362 32.650 32.832 32.940 32.923 32.835 32.631 32.327 31.918 31.410 30.798 30.073 29.243 28.302 27.249 26.074 24.766 23.361 21.814 20.135 18.326 16.389 14.326 12.144 9.863 7.482 5.030 2.530 0.000
 0.000 2.199 4.373 6.508 8.593 10.607 12.539 14.382 16.127 17.775 19.320 20.763 22.105 23.346 24.499 25.548 26.501 27.362 28.116 28.802 29.372 29.859 30.247 30.539 30.730 30.822 30.824 30.726 30.521 30.219 29.814 29.307 28.699 27.985 27.167 26.247 25.222 24.081 22.840 21.486 20.016 18.435 16.744 14.944 13.038 11.033 8.942 6.779 4.551 2.287 0.000
 0.000 1.988 3.959 5.898 7.799 9.641 11.415 13.122 14.750 16.285 17.742 19.111 20.395 21.592 22.703 23.723 24.653 25.497 26.252 26.913 27.491 27.971 28.359 28.650 28.832 28.940 28.936 28.836 28.633 28.324 27.920 27.421 26.822 26.119 25.319 24.418 23.421 22.323 21.126 19.828 18.438 16.943 15.359 13.683 11.917 10.070 8.151 6.168 4.137 2.073 0.000
 0.000 1.809 3.605 5.378 7.116 8.810 10.450 12.029 13.542 14.988 16.362 17.664 18.890 20.041 21.114 22.108 23.009 23.840 24.575 25.237 25.807 26.284 26.670 26.960 27.154 27.241 27.244 27.143 26.941 26.638 26.244 25.740 25.146 24.451 23.672 22.794 21.825 20.764 19.613 18.373 17.047 15.638 14.151 12.585 10.942 9.232 7.462 5.641 3.781 1.898 0.000
 0.000 1.655 3.299 4.928 6.528 8.092 9.614 11.081 12.495 13.855 15.158 16.398 17.571 18.677 19.712 20.677 21.563 22.374 23.105 23.749 24.309 24.781 25.162 25.450 25.642 25.735 25.730 25.627 25.427 25.127 24.731 24.234 23.652 22.974 22.206 21.350 20.408 19.383 18.277 17.091 15.829 14.495 13.094 11.626 10.093 8.504 6.865 5.187 3.476 1.752 0.000
 0.000 1.523 3.039 4.541 6.018 7.470 8.885 10.258 11.587 12.871 14.107 15.289 16.412 17.475 18.463 19.411 20.274 21.069 21.786 22.421 22.973 23.438 23.814 24.099 24.288 24.379 24.373 24.269 24.069 23.773 23.380 22.892 22.315 21.649 20.896 20.063 19.149 18.157 17.094 15.959 14.756 13.490 12.165 10.784 9.351 7.869 6.363 4.795 3.210 1.611 0.000
 0.000 1.410 2.815 4.212 5.575 6.930 8.254 9.544 10.807 12.013 13.188 14.316 15.395 16.413 17.373 18.289 19.133 19.908 20.610 21.233 21.777 22.235 22.608 22.891 23.076 23.163 23.153 23.049 22.851 22.555 22.165 21.684 21.118 20.463 19.728 18.915 18.039 17.079 16.043 14.955 13.807 12.603 11.346 10.038 8.698 7.314 5.895 4.449 2.979 1.493 0.000
 0.000 1.312 2.621 3.918 5.198 6.463 7.705 8.921 10.106 11.259 12.379 13.457 14.490 15.476 16.414 17.293 18.114 18.870 19.557 20.168 20.701 21.154 21.522 21.793 21.972 22.076 22.051 21.946 21.754 21.464 21.067 20.595 20.046 19.397 18.677 17.885 17.022 16.094 15.106 14.061 12.964 11.817 10.626 9.394 8.144 6.827 5.515 4.148 2.782 1.410 0.000
 0.000 1.229 2.460 3.667 4.868 6.056 7.225 8.374 9.498 10.595 11.663 12.696 13.690 14.643 15.553 16.403 17.199 17.935 18.606 19.205 19.727 20.169 20.526 20.792 20.969 21.053 21.042 20.937 20.738 20.445 20.065 19.600 19.055 18.427 17.725 16.953 16.115 15.218 14.265 13.261 12.224 11.117 9.985 8.835 7.625 6.398 5.149 3.883 2.607 1.303 0.000
 0.000 1.148 2.319 3.462 4.578 5.699 6.804 7.892 8.959 10.006 11.026 12.016 12.972 13.885 14.769 15.594 16.368 17.085 17.739 18.332 18.835 19.271 19.613 19.871 20.042 20.122 20.111 20.006 19.809 19.517 19.142 18.686 18.151 17.538 16.853 16.101 15.289 14.421 13.502 12.538 11.532 10.488 9.411 8.305 7.184 6.014 4.838 3.646 2.441 1.222 0.000
 0.000 1.089 2.174 3.253 4.324 5.386 6.431 7.462 8.477 9.477 10.454 11.404 12.323 13.208 14.054 14.854 15.605 16.301 16.938 17.508 18.004 18.425 18.761 19.013 19.177 19.252 19.237 19.130 18.950 18.654 18.280 17.835 17.313 16.731 16.044 15.314 14.527 13.689 12.803 11.877 10.913 9.917 8.892 7.841 6.764 5.684 4.559 3.435 2.298 1.153 0.000
 0.000 1.032 2.059 3.081 4.094 5.100 6.095 7.077 8.045 8.999 9.934 10.845 11.728 12.580 13.390 14.170 14.896 15.571 16.189 16.742 17.223 17.630 17.957 18.201 18.361 18.429 18.410 18.303 18.112 17.832 17.468 17.029 16.517 15.934 15.285 14.577 13.816 13.009 12.156 11.265 10.343 9.391 8.414 7.414 6.393 5.355 4.303 3.241 2.170 1.095 0.000
 0.000 0.981 1.955 2.924 3.886 4.842 5.789 6.725 7.648 8.559 9.453 10.327 11.174 11.994 12.781 13.526 14.226 14.878 15.475 16.011 16.477 16.870 17.187 17.422 17.573 17.637 17.615 17.509 17.321 17.052 16.691 16.259 15.769 15.192 14.562 13.878 13.145 12.385 11.548 10.693 9.808 8.898 7.966 7.014 6.046 5.062 4.068 3.063 2.051 1.031 0.000
 0.000 0.934 1.859 2.778 3.692 4.601 5.504 6.397 7.277 8.145 9.000 9.837 10.649 11.435 12.197 12.913 13.586 14.213 14.787 15.302 15.753 16.133 16.439 16.664 16.808 16.866 16.841 16.735 16.548 16.286 15.934 15.512 15.024 14.479 13.867 13.206 12.503 11.755 10.974 10.152 9.302 8.432 7.543 6.643 5.719 4.788 3.848 2.897 1.944 0.978 0.000
 0.000 0.887 1.766 2.640 3.508 4.371 5.234 6.087 6.923 7.751 8.567 9.369 10.147 10.903 11.636 12.319 12.963 13.564 14.114 14.612 15.044 15.424 15.707 15.917 16.052 16.103 16.075 15.968 15.782 15.520 15.182 14.776 14.309 13.795 13.185 12.554 11.875 11.160 10.410 9.625 8.816 7.988 7.140 6.279 5.408 4.528 3.639 2.743 1.842 0.925 0.000
 0.000 0.843 1.680 2.510 3.334 4.154 4.975 5.787 6.581 7.368 8.149 8.914 9.657 10.376 11.070 11.729 12.348 12.924 13.454 13.951 14.348 14.726 14.978 15.172 15.295 15.340 15.308 15.202 15.019 14.764 14.438 14.047 13.594 13.088 12.521 11.912 11.264 10.582 9.864 9.117 8.349 7.564 6.754 5.935 5.109 4.276 3.436 2.595 1.734 0.870 0.000
 0.000 0.800 1.596 2.385 3.165 3.940 4.717 5.487 6.244 6.996 7.746 8.471 9.174 9.857 10.516 11.147 11.748 12.286 12.787 13.244 13.662 13.989 14.238 14.418 14.534 14.572 14.547 14.434 14.256 14.009 13.696 13.320 12.888 12.399 11.858 11.275 10.657 10.009 9.325 8.616 7.884 7.138 6.374 5.600 4.822 4.042 3.238 2.438 1.631 0.818 0.000
 0.000 0.757 1.510 2.257 2.996 3.729 4.465 5.195 5.914 6.635 7.332 8.023 8.692 9.341 9.967 10.564 11.128 11.646 12.122 12.553 12.926 13.241 13.484 13.659 13.769 13.801 13.765 13.662 13.489 13.252 12.951 12.593 12.185 11.711 11.193 10.638 10.052 9.439 8.787 8.113 7.421 6.715 5.996 5.267 4.532 3.791 3.044 2.291 1.531 0.768 0.000
 0.000 0.715 1.426 2.132 2.833 3.526 4.218 4.908 5.591 6.264 6.926 7.577 8.211 8.825 9.417 9.983 10.514 11.003 11.450 11.852 12.202 12.492 12.724 12.887 12.987 13.018 12.984 12.887 12.718 12.489 12.201 11.857 11.464 11.018 10.530 10.009 9.449 8.863 8.250 7.613 6.959 6.296 5.621 4.939 4.249 3.554 2.854 2.147 1.437 0.720 0.000
 0.000 0.674 1.343 2.008 2.670 3.321 3.970 4.619 5.263 5.897 6.521 7.133 7.731 8.308 8.863 9.394 9.892 10.349 10.766 11.143 11.473 11.738 11.953 12.114 12.198 12.227 12.201 12.103 11.943 11.723 11.453 11.126 10.746 10.326 9.869 9.370 8.845 8.293 7.716 7.120 6.507 5.884 5.253 4.617 3.971 3.321 2.667 2.007 1.343 0.673 0.000
 0.000 0.632 1.260 1.882 2.500 3.111 3.720 4.327 4.929 5.524 6.111 6.685 7.244 7.782 8.299 8.792 9.254 9.681 10.094 10.421 10.724 10.976 11.176 11.318 11.402 11.428 11.395 11.309 11.165 10.950 10.693 10.395 10.029 9.631 9.199 8.734 8.241 7.723 7.184 6.628 6.057 5.475 4.886 4.291 3.692 3.090 2.482 1.869 1.249 0.626 0.000
 0.000 0.591 1.175 1.754 2.328 2.898 3.465 4.029 4.590 5.146 5.696 6.232 6.751 7.251 7.730 8.184 8.611 9.007 9.371 9.696 9.976 10.211 10.394 10.523 10.599 10.621 10.595 10.503 10.364 10.172 9.929 9.642 9.310 8.936 8.533 8.100 7.640 7.157 6.653 6.138 5.606 5.066 4.518 3.969 3.414 2.859 2.294 1.728 1.156 0.580 0.000
 0.000 0.546 1.088 1.624 2.156 2.684 3.208 3.729 4.248 4.762 5.272 5.768 6.248 6.710 7.152 7.571 7.965 8.331 8.667 8.965 9.222 9.436 9.606 9.722 9.789 9.807 9.778 9.698 9.566 9.389 9.161 8.894 8.586 8.242 7.868 7.466 7.042 6.595 6.129 5.654 5.155 4.659 4.174 3.650 3.141 2.626 2.108 1.589 1.067 0.534 0.000
 0.000 0.501 1.000 1.495 1.985 2.471 2.952 3.431 3.906 4.375 4.840 5.293 5.734 6.159 6.566 6.951 7.313 7.649 7.956 8.226 8.459 8.653 8.809 8.913 8.973 8.990 8.961 8.889 8.765 8.597 8.390 8.146 7.862 7.541 7.202 6.832 6.442 6.032 5.603 5.162 4.708 4.254 3.795 3.332 2.865 2.395 1.924 1.455 0.986 0.490 0.000
 0.000 0.457 0.912 1.367 1.815 2.257 2.695 3.132 3.564 3.989 4.414 4.818 5.218 5.606 5.977 6.327 6.656 6.959 7.237 7.482 7.694 7.869 8.006 8.101 8.154 8.166 8.137 8.069 7.955 7.804 7.614 7.391 7.134 6.846 6.536 6.200 5.845 5.469 5.078 4.676 4.266 3.858 3.436 3.016 2.592 2.167 1.743 1.317 0.885 0.441 0.000
 0.000 0.412 0.823 1.236 1.642 2.041 2.437 2.835 3.219 3.598 3.975 4.343 4.703 5.052 5.386 5.701 5.996 6.270 6.517 6.737 6.927 7.084 7.207 7.288 7.334 7.342 7.314 7.249 7.147 7.007 6.836 6.636 6.406 6.149 5.870 5.566 5.243 4.904 4.554 4.194 3.826 3.454 3.081 2.707 2.324 1.943 1.562 1.181 0.791 0.396 0.000
 0.000 0.368 0.741 1.101 1.461 1.817 2.171 2.522 2.878 3.205 3.539 3.869 4.189 4.499 4.794 5.074 5.338 5.595 5.799 5.990 6.157 6.295 6.401 6.475 6.513 6.520 6.493 6.433 6.338 6.217 6.064 5.885 5.680 5.454 5.207 4.935 4.639 4.345 4.033 3.714 3.390 3.060 2.733 2.411 2.062 1.721 1.383 1.044 0.699 0.350 0.000
 0.000 0.323 0.645 0.966 1.282 1.595 1.906 2.213 2.518 2.812 3.104 3.392 3.673 3.945 4.203 4.447 4.678 4.893 5.077 5.242 5.386 5.504 5.598 5.662 5.695 5.701 5.676 5.621 5.539 5.431 5.318 5.141 4.958 4.760 4.544 4.306 4.053 3.790 3.517 3.239 2.957 2.669 2.382 2.094 1.796 1.499 1.204 0.907 0.607 0.305 0.000
 0.000 0.278 0.555 0.831 1.102 1.370 1.636 1.908 2.160 2.416 2.667 2.913 3.153 3.387 3.609 3.819 4.015 4.195 4.354 4.494 4.616 4.718 4.806 4.856 4.879 4.881 4.859 4.812 4.742 4.649 4.532 4.396 4.241 4.071 3.885 3.679 3.462 3.237 3.003 2.766 2.524 2.279 2.032 1.784 1.532 1.276 1.027 0.772 0.518 0.260 0.000
 0.000 0.233 0.464 0.694 0.921 1.145 1.369 1.592 1.805 2.021 2.230 2.432 2.632 2.826 3.012 3.189 3.352 3.499 3.631 3.756 3.848 3.931 3.998 4.040 4.061 4.063 4.045 4.007 3.949 3.871 3.772 3.658 3.529 3.387 3.230 3.058 2.878 2.689 2.495 2.299 2.097 1.894 1.687 1.473 1.271 1.060 0.853 0.643 0.430 0.216 0.000
 0.000 0.192 0.375 0.558 0.740 0.920 1.098 1.275 1.447 1.616 1.782 1.946 2.108 2.263 2.412 2.554 2.684 2.802 2.908 3.001 3.080 3.146 3.196 3.230 3.247 3.248 3.234 3.204 3.159 3.095 3.015 2.923 2.819 2.704 2.577 2.439 2.295 2.145 1.992 1.835 1.674 1.512 1.347 1.181 1.015 0.846 0.681 0.513 0.343 0.172 0.000
 0.000 0.143 0.283 0.420 0.557 0.693 0.828 0.960 1.089 1.216 1.340 1.462 1.583 1.700 1.811 1.917 2.015 2.104 2.184 2.255 2.312 2.360 2.398 2.418 2.434 2.435 2.425 2.402 2.359 2.320 2.260 2.188 2.112 2.024 1.928 1.825 1.709 1.600 1.491 1.373 1.252 1.131 1.008 0.884 0.760 0.634 0.510 0.380 0.253 0.128 0.000
 0.000 0.096 0.190 0.282 0.373 0.463 0.554 0.643 0.729 0.814 0.899 0.977 1.056 1.134 1.208 1.279 1.345 1.404 1.458 1.504 1.543 1.574 1.598 1.614 1.622 1.623 1.616 1.620 1.578 1.546 1.508 1.461 1.408 1.347 1.283 1.215 1.144 1.070 0.992 0.910 0.833 0.752 0.670 0.588 0.505 0.423 0.348 0.256 0.170 0.085 0.000
 0.000 0.047 0.095 0.141 0.187 0.232 0.278 0.322 0.365 0.408 0.449 0.488 0.528 0.567 0.605 0.640 0.673 0.703 0.730 0.752 0.772 0.787 0.799 0.807 0.811 0.812 0.808 0.801 0.789 0.774 0.756 0.732 0.704 0.673 0.641 0.607 0.572 0.536 0.496 0.457 0.411 0.376 0.335 0.294 0.252 0.208 0.170 0.127 0.085 0.043 0.000
 0.000 0.000 0.000 0.000 0.000 0.000 0.000 0.000 0.000 0.000 0.000 0.000 0.000 0.000 0.000 0.000 0.000 0.000 0.000 0.000 0.000 0.000 0.000 0.000 0.000 0.000 0.000 0.000 0.000 0.000 0.000 0.000 0.000 0.000 0.000 0.000 0.000 0.000 0.000 0.000 0.000 0.000 0.000 0.000 0.000 0.000 0.000 0.000 0.000 0.000 0.000
