51 51
 100.000 100.000 100.000 100.000 100.000 100.000 100.000 100.000 100.000 100.000 100.000 100.000 100.000 100.000 100.000 100.000 100.000 100.000 100.000 100.000 100.000 100.000 100.000 100.000 100.000 100.000 100.000 100.000 100.000 100.000 100.000 100.000 100.000 100.000 100.000 100.000 100.000 100.000 100.000 100.000 100.000 100.000 100.000 100.000 100.000 100.000 100.000 100.000 100.000 100.000 100.000
 0.000 48.954 67.691 75.992 80.133 82.380 83.665 84.422 84.875 85.146 85.308 85.404 85.460 85.492 85.510 85.521 85.527 85.531 85.534 85.537 85.539 85.541 85.542 85.543 85.544 85.545 85.545 85.544 85.543 85.542 85.540 85.538 85.536 85.533 85.529 85.522 85.511 85.492 85.460 85.404 85.308 85.146 84.875 84.422 83.665 82.380 80.133 75.992 67.692 48.955 0.000
 0.000 28.195 45.953 56.339 62.412 66.021 68.199 69.525 70.334 70.826 71.122 71.299 71.403 71.463 71.498 71.519 71.531 71.539 71.546 71.551 71.556 71.560 71.564 71.568 71.570 71.571 71.571 71.570 71.568 71.564 71.560 71.555 71.550 71.543 71.534 71.521 71.500 71.465 71.404 71.300 71.123 70.826 70.335 69.526 68.200 66.022 62.413 56.340 45.954 28.195 0.000
 0.000 18.001 31.843 41.372 47.634 51.668 54.238 55.863 56.880 57.510 57.895 58.127 58.265 58.346 58.394 58.423 58.441 58.455 58.466 58.476 58.486 58.495 58.503 58.510 58.515 58.517 58.517 58.515 58.510 58.503 58.494 58.485 58.474 58.462 58.448 58.428 58.398 58.349 58.267 58.129 57.896 57.511 56.881 55.863 54.239 51.669 47.636 41.374 31.845 18.002 0.000
 0.000 12.146 22.399 30.188 35.748 39.567 42.123 43.797 44.875 45.556 45.979 46.238 46.393 46.487 46.544 46.580 46.606 46.626 46.645 46.664 46.682 46.699 46.715 46.728 46.737 46.742 46.742 46.737 46.728 46.714 46.698 46.681 46.661 46.641 46.618 46.590 46.552 46.493 46.398 46.241 45.981 45.557 44.876 43.798 42.124 39.569 35.750 30.190 22.401 12.148 0.000
 0.000 8.399 15.837 21.844 26.389 29.670 31.956 33.504 34.526 35.185 35.602 35.861 36.021 36.119 36.183 36.227 36.263 36.295 36.327 36.359 36.393 36.425 36.454 36.479 36.497 36.506 36.506 36.497 36.479 36.454 36.424 36.392 36.357 36.322 36.286 36.247 36.198 36.131 36.029 35.867 35.606 35.188 34.528 33.505 31.958 29.672 26.391 21.847 15.839 8.400 0.000
 0.000 5.842 11.157 15.621 19.140 21.778 23.679 25.001 25.896 26.485 26.864 27.105 27.259 27.358 27.429 27.484 27.535 27.587 27.642 27.700 27.759 27.818 27.871 27.916 27.948 27.965 27.965 27.948 27.916 27.871 27.817 27.758 27.697 27.637 27.579 27.520 27.457 27.380 27.274 27.117 26.872 26.490 25.899 25.004 23.681 21.781 19.142 15.624 11.160 5.844 0.000
 0.000 4.043 7.781 11.002 13.617 15.636 17.129 18.193 18.928 19.423 19.749 19.962 20.105 20.207 20.288 20.363 20.440 20.525 20.618 20.719 20.824 20.927 21.022 21.101 21.158 21.188 21.188 21.158 21.101 21.022 20.927 20.823 20.717 20.614 20.517 20.427 20.339 20.245 20.133 19.982 19.762 19.432 18.934 18.197 17.132 15.638 13.620 11.005 7.782 4.044 0.000
 0.000 2.763 5.345 7.610 9.488 10.970 12.090 12.906 13.481 13.876 14.145 14.330 14.465 14.575 14.677 14.785 14.907 15.046 15.204 15.376 15.556 15.733 15.896 16.032 16.130 16.181 16.181 16.130 16.032 15.895 15.732 15.555 15.374 15.201 15.040 14.895 14.765 14.642 14.515 14.365 14.169 13.892 13.491 12.912 12.094 10.973 9.490 7.612 5.346 2.764 0.000
 0.000 1.857 3.604 5.157 6.464 7.515 8.323 8.923 9.356 9.662 9.881 10.045 10.182 10.311 10.452 10.615 10.809 11.037 11.298 11.584 11.884 12.179 12.451 12.678 12.841 12.927 12.927 12.841 12.678 12.451 12.179 11.883 11.583 11.295 11.032 10.800 10.599 10.424 10.264 10.104 9.921 9.689 9.372 8.934 8.330 7.519 6.467 5.158 3.605 1.857 0.000
 0.000 1.223 2.380 3.417 4.302 5.023 5.587 6.015 6.332 6.569 6.752 6.909 7.062 7.232 7.436 7.687 7.995 8.361 8.783 9.246 9.731 10.210 10.649 11.017 11.281 11.419 11.419 11.281 11.017 10.649 10.210 9.731 9.245 8.781 8.358 7.988 7.675 7.415 7.197 7.005 6.818 6.612 6.360 6.032 5.598 5.029 4.306 3.419 2.381 1.223 0.000
 0.000 0.788 1.536 2.212 2.795 3.276 3.660 3.959 4.192 4.380 4.547 4.715 4.907 5.145 5.449 5.836 6.315 6.890 7.552 8.281 9.044 9.796 10.487 11.064 11.479 11.697 11.697 11.479 11.064 10.487 9.796 9.043 8.280 7.551 6.888 6.311 5.827 5.435 5.120 4.866 4.651 4.449 4.236 3.986 3.676 3.286 2.800 2.215 1.538 0.789 0.000
 0.000 0.496 0.968 1.398 1.772 2.087 2.344 2.555 2.732 2.896 3.068 3.271 3.531 3.876 4.329 4.914 5.644 6.521 7.531 8.643 9.807 10.955 12.009 12.889 13.522 13.853 13.853 13.522 12.889 12.009 10.955 9.807 8.643 7.530 6.519 5.640 4.908 4.319 3.859 3.504 3.228 3.002 2.800 2.597 2.370 2.102 1.781 1.403 0.971 0.497 0.000
 0.000 0.305 0.596 0.863 1.099 1.303 1.477 1.632 1.782 1.945 2.145 2.412 2.777 3.275 3.941 4.805 5.885 7.184 8.681 10.329 12.053 13.752 15.312 16.614 17.551 18.042 18.042 17.551 16.614 15.312 13.752 12.053 10.329 8.681 7.183 5.883 4.801 3.934 3.264 2.759 2.384 2.103 1.883 1.695 1.515 1.325 1.113 0.871 0.601 0.307 0.000
 0.000 0.183 0.359 0.523 0.671 0.804 0.929 1.056 1.200 1.385 1.641 2.003 2.515 3.225 4.180 5.422 6.976 8.844 10.998 13.367 15.843 18.284 20.525 22.395 23.741 24.445 24.445 23.741 22.395 20.525 18.284 15.843 13.366 10.997 8.843 6.974 5.419 4.176 3.218 2.504 1.985 1.614 1.347 1.147 0.984 0.837 0.690 0.534 0.366 0.186 0.000
 0.000 0.108 0.213 0.313 0.408 0.501 0.601 0.720 0.880 1.110 1.447 1.940 2.649 3.637 4.970 6.703 8.873 11.481 14.486 17.790 21.244 24.647 27.770 30.375 32.250 33.231 33.231 32.250 30.375 27.770 24.647 21.244 17.790 14.485 11.481 8.872 6.701 4.967 3.633 2.642 1.930 1.431 1.087 0.849 0.678 0.546 0.434 0.328 0.222 0.112 0.000
 0.000 0.063 0.126 0.189 0.254 0.327 0.420 0.549 0.742 1.037 1.483 2.146 3.103 4.442 6.247 8.596 11.536 15.068 19.136 23.609 28.281 32.884 37.107 40.629 43.164 44.490 44.490 43.164 40.629 37.107 32.884 28.281 23.609 19.136 15.068 11.535 8.595 6.246 4.439 3.099 2.140 1.474 1.023 0.724 0.525 0.389 0.289 0.209 0.137 0.068 0.000
 0.000 0.038 0.077 0.119 0.170 0.237 0.335 0.488 0.729 1.108 1.689 2.559 3.817 5.577 7.952 11.041 14.905 19.547 24.890 30.762 36.895 42.936 48.476 53.098 56.422 58.162 58.162 56.422 53.098 48.476 42.936 36.895 30.762 24.890 19.546 14.904 11.040 7.952 5.576 3.815 2.555 1.684 1.100 0.719 0.475 0.318 0.216 0.145 0.090 0.044 0.000
 0.000 0.024 0.051 0.083 0.129 0.200 0.313 0.498 0.800 1.279 2.019 3.128 4.734 6.981 10.012 13.951 18.878 24.796 31.604 39.085 46.896 54.587 61.641 67.523 71.754 73.968 73.968 71.754 67.523 61.641 54.587 46.896 39.085 31.604 24.795 18.878 13.951 10.011 6.980 4.733 3.126 2.016 1.275 0.794 0.491 0.304 0.188 0.116 0.067 0.031 0.000
 0.000 0.017 0.038 0.068 0.115 0.194 0.328 0.553 0.924 1.515 2.432 3.805 5.795 8.576 12.329 17.204 23.298 30.616 39.033 48.278 57.930 67.432 76.144 83.410 88.634 91.368 91.368 88.634 83.410 76.144 67.432 57.930 48.278 39.033 30.616 23.298 17.204 12.328 8.576 5.794 3.804 2.430 1.513 0.921 0.549 0.323 0.188 0.107 0.058 0.026 0.000
 0.000 0.014 0.033 0.064 0.116 0.207 0.365 0.634 1.077 1.788 2.889 4.540 6.930 10.272 14.777 20.629 27.942 36.720 46.815 57.901 69.472 80.861 91.303 100.009 106.270 109.546 109.546 106.270 100.009 91.303 80.861 69.472 57.901 46.815 36.720 27.942 20.629 14.777 10.271 6.930 4.539 2.888 1.787 1.076 0.632 0.362 0.203 0.111 0.058 0.024 0.000
 0.000 0.014 0.033 0.066 0.124 0.228 0.412 0.724 1.241 2.069 3.353 5.277 8.063 11.956 17.203 24.017 32.530 42.746 54.492 67.389 80.846 94.092 106.234 116.357 123.636 127.445 127.445 123.636 116.357 106.234 94.092 80.846 67.389 54.492 42.746 32.530 24.017 17.203 11.956 8.063 5.277 3.353 2.069 1.240 0.723 0.410 0.226 0.121 0.061 0.025 0.000
 0.000 0.014 0.034 0.070 0.135 0.253 0.459 0.812 1.397 2.334 3.786 5.961 9.110 13.509 19.436 27.132 36.746 48.279 61.538 76.093 91.280 106.226 119.925 131.346 139.558 143.854 143.854 139.558 131.346 119.925 106.226 91.280 76.093 61.538 48.279 36.746 27.132 19.436 13.509 9.110 5.961 3.785 2.333 1.396 0.812 0.458 0.251 0.133 0.066 0.027 0.000
 0.000 0.015 0.036 0.075 0.146 0.275 0.501 0.888 1.529 2.557 4.149 6.534 9.986 14.807 21.303 29.734 40.265 52.897 67.417 83.355 99.983 116.346 131.343 143.845 152.834 157.537 157.537 152.834 143.845 131.343 116.346 99.983 83.355 67.417 52.897 40.265 29.734 21.303 14.807 9.986 6.534 4.149 2.557 1.529 0.888 0.500 0.274 0.144 0.072 0.029 0.000
 0.000 0.015 0.038 0.079 0.154 0.291 0.532 0.944 1.626 2.719 4.412 6.948 10.617 15.742 22.646 31.607 42.797 56.219 71.646 88.578 106.242 123.623 139.553 152.832 162.379 167.374 167.374 162.379 152.832 139.553 123.623 106.242 88.578 71.646 56.219 42.797 31.607 22.647 15.743 10.617 6.948 4.412 2.719 1.626 0.944 0.531 0.290 0.153 0.076 0.031 0.000
 0.000 0.016 0.039 0.081 0.159 0.300 0.548 0.973 1.676 2.803 4.549 7.164 10.948 16.232 23.349 32.587 44.123 57.958 73.859 91.311 109.517 127.431 143.848 157.534 167.374 172.521 172.521 167.374 157.534 143.848 127.431 109.517 91.311 73.859 57.958 44.123 32.588 23.350 16.232 10.948 7.165 4.550 2.803 1.676 0.973 0.548 0.299 0.157 0.078 0.032 0.000
 0.000 0.016 0.039 0.081 0.159 0.299 0.548 0.973 1.676 2.803 4.549 7.163 10.947 16.230 23.348 32.586 44.122 57.958 73.858 91.311 109.517 127.430 143.848 157.534 167.373 172.521 172.521 167.373 157.534 143.848 127.430 109.517 91.311 73.859 57.958 44.122 32.587 23.350 16.232 10.948 7.164 4.549 2.803 1.676 0.972 0.547 0.299 0.157 0.078 0.032 0.000
 0.000 0.015 0.038 0.079 0.154 0.290 0.531 0.943 1.625 2.717 4.410 6.945 10.613 15.738 22.642 31.604 42.795 56.218 71.644 88.577 106.241 123.622 139.551 152.831 162.378 167.373 167.373 162.378 152.831 139.551 123.622 106.241 88.577 71.644 56.218 42.796 31.606 22.645 15.741 10.616 6.947 4.411 2.717 1.625 0.943 0.531 0.289 0.152 0.075 0.031 0.000
 0.000 0.014 0.036 0.074 0.144 0.272 0.499 0.886 1.527 2.553 4.145 6.529 9.979 14.799 21.295 29.728 40.260 52.893 67.413 83.352 99.980 116.343 131.340 143.842 152.831 157.534 157.534 152.831 143.842 131.340 116.343 99.980 83.352 67.414 52.894 40.262 29.731 21.300 14.804 9.983 6.531 4.146 2.554 1.527 0.886 0.498 0.272 0.143 0.071 0.029 0.000
 0.000 0.013 0.032 0.067 0.131 0.248 0.454 0.806 1.391 2.327 3.777 5.951 9.098 13.496 19.425 27.122 36.737 48.272 61.531 76.087 91.273 106.219 119.918 131.340 139.551 143.848 143.848 139.551 131.340 119.918 106.219 91.273 76.087 61.531 48.272 36.739 27.126 19.430 13.502 9.103 5.954 3.779 2.327 1.391 0.806 0.454 0.247 0.130 0.064 0.026 0.000
 0.000 0.011 0.028 0.059 0.116 0.219 0.401 0.712 1.228 2.055 3.338 5.261 8.045 11.937 17.185 24.000 32.515 42.731 54.477 67.374 80.832 94.077 106.219 116.343 123.622 127.430 127.430 123.622 116.343 106.219 94.077 80.832 67.374 54.477 42.732 32.516 24.003 17.189 11.942 8.049 5.263 3.339 2.056 1.228 0.712 0.400 0.218 0.115 0.057 0.023 0.000
 0.000 0.010 0.024 0.050 0.099 0.187 0.343 0.609 1.051 1.760 2.860 4.510 6.899 10.239 14.745 20.598 27.912 36.691 46.786 57.872 69.442 80.832 91.273 99.980 106.241 109.516 109.516 106.241 99.980 91.273 80.832 69.442 57.872 46.786 36.691 27.913 20.600 14.748 10.243 6.901 4.511 2.861 1.761 1.051 0.609 0.342 0.186 0.098 0.048 0.020 0.000
 0.000 0.008 0.020 0.042 0.082 0.155 0.284 0.505 0.872 1.462 2.376 3.748 5.737 8.518 12.270 17.146 23.241 30.558 38.975 48.221 57.872 67.374 76.087 83.352 88.577 91.311 91.311 88.577 83.352 76.087 67.374 57.872 48.221 38.975 30.558 23.241 17.146 12.271 8.520 5.738 3.749 2.377 1.462 0.872 0.505 0.284 0.154 0.081 0.040 0.016 0.000
 0.000 0.006 0.016 0.033 0.066 0.124 0.228 0.406 0.702 1.177 1.914 3.021 4.626 6.871 9.902 13.842 18.769 24.686 31.494 38.975 46.786 54.477 61.531 67.414 71.644 73.858 73.858 71.644 67.414 61.531 54.477 46.786 38.975 31.494 24.686 18.769 13.842 9.903 6.872 4.626 3.021 1.914 1.177 0.702 0.406 0.228 0.124 0.065 0.032 0.013 0.000
 0.000 0.005 0.012 0.026 0.051 0.097 0.178 0.316 0.547 0.918 1.495 2.360 3.616 5.375 7.749 10.837 14.701 19.343 24.686 30.558 36.691 42.732 48.272 52.894 56.218 57.958 57.958 56.218 52.894 48.272 42.732 36.691 30.558 24.686 19.343 14.701 10.838 7.750 5.376 3.617 2.361 1.495 0.918 0.547 0.316 0.177 0.096 0.051 0.025 0.010 0.000
 0.000 0.004 0.009 0.020 0.038 0.073 0.134 0.239 0.414 0.695 1.132 1.788 2.742 4.077 5.882 8.229 11.168 14.701 18.769 23.241 27.913 32.516 36.739 40.262 42.796 44.122 44.122 42.796 40.262 36.739 32.516 27.913 23.241 18.769 14.701 11.169 8.230 5.882 4.078 2.742 1.789 1.132 0.695 0.414 0.239 0.134 0.073 0.038 0.019 0.008 0.000
 0.000 0.003 0.007 0.014 0.028 0.053 0.098 0.175 0.303 0.509 0.831 1.314 2.015 2.999 4.329 6.061 8.229 10.838 13.842 17.146 20.600 24.003 27.126 29.731 31.606 32.587 32.587 31.606 29.731 27.126 24.003 20.600 17.146 13.842 10.838 8.230 6.062 4.330 3.001 2.017 1.314 0.831 0.509 0.303 0.175 0.098 0.053 0.028 0.014 0.006 0.000
 0.000 0.002 0.005 0.010 0.020 0.038 0.069 0.124 0.215 0.362 0.591 0.936 1.437 2.140 3.090 4.329 5.882 7.750 9.902 12.271 14.748 17.189 19.430 21.300 22.645 23.349 23.349 22.645 21.300 19.430 17.189 14.748 12.271 9.902 7.750 5.882 4.330 3.092 2.141 1.438 0.937 0.591 0.362 0.215 0.124 0.069 0.038 0.020 0.010 0.004 0.000
 0.000 0.001 0.003 0.007 0.014 0.026 0.048 0.085 0.148 0.250 0.408 0.646 0.993 1.480 2.140 2.999 4.077 5.375 6.872 8.520 10.243 11.942 13.502 14.804 15.741 16.232 16.232 15.741 14.804 13.502 11.942 10.243 8.520 6.872 5.375 4.078 3.000 2.141 1.482 0.994 0.647 0.408 0.250 0.148 0.085 0.048 0.026 0.013 0.007 0.003 0.000
 0.000 0.001 0.002 0.005 0.009 0.017 0.032 0.057 0.099 0.167 0.273 0.433 0.666 0.993 1.437 2.015 2.742 3.617 4.626 5.738 6.901 8.049 9.103 9.983 10.616 10.948 10.948 10.616 9.983 9.103 8.049 6.901 5.738 4.626 3.617 2.742 2.016 1.437 0.994 0.666 0.433 0.273 0.167 0.099 0.057 0.032 0.017 0.009 0.004 0.002 0.000
 0.000 0.001 0.001 0.003 0.006 0.011 0.020 0.037 0.064 0.108 0.177 0.281 0.433 0.646 0.936 1.314 1.788 2.361 3.021 3.749 4.512 5.264 5.955 6.531 6.947 7.164 7.164 6.947 6.531 5.954 5.264 4.512 3.749 3.021 2.361 1.788 1.314 0.936 0.647 0.433 0.281 0.177 0.108 0.064 0.037 0.020 0.011 0.006 0.003 0.001 0.000
 0.000 0.000 0.001 0.002 0.004 0.007 0.013 0.023 0.040 0.068 0.111 0.177 0.273 0.408 0.591 0.831 1.132 1.495 1.914 2.377 2.863 3.344 3.781 4.146 4.411 4.549 4.549 4.411 4.146 3.779 3.340 2.862 2.377 1.914 1.495 1.132 0.831 0.591 0.408 0.273 0.177 0.111 0.068 0.040 0.023 0.013 0.007 0.004 0.002 0.001 0.000
 0.000 0.000 0.001 0.001 0.002 0.004 0.008 0.014 0.024 0.041 0.068 0.108 0.167 0.250 0.362 0.509 0.695 0.918 1.177 1.463 1.765 2.064 2.331 2.555 2.717 2.803 2.803 2.718 2.555 2.328 2.057 1.761 1.462 1.177 0.918 0.695 0.509 0.362 0.250 0.167 0.108 0.068 0.041 0.024 0.014 0.008 0.004 0.002 0.001 0.000 0.000
 0.000 0.000 0.000 0.001 0.001 0.002 0.005 0.008 0.014 0.024 0.040 0.064 0.099 0.148 0.215 0.303 0.414 0.547 0.702 0.873 1.053 1.232 1.393 1.527 1.625 1.676 1.676 1.625 1.528 1.392 1.229 1.052 0.873 0.702 0.548 0.414 0.303 0.215 0.148 0.099 0.064 0.040 0.024 0.014 0.008 0.005 0.002 0.001 0.001 0.000 0.000
 0.000 0.000 0.000 0.000 0.001 0.001 0.003 0.005 0.008 0.014 0.023 0.037 0.057 0.085 0.124 0.175 0.239 0.316 0.406 0.505 0.610 0.713 0.808 0.886 0.943 0.973 0.973 0.943 0.887 0.808 0.714 0.611 0.507 0.407 0.317 0.239 0.175 0.124 0.085 0.057 0.037 0.023 0.014 0.008 0.005 0.003 0.001 0.001 0.000 0.000 0.000
 0.000 0.000 0.000 0.000 0.000 0.001 0.001 0.003 0.005 0.008 0.013 0.020 0.032 0.048 0.069 0.098 0.134 0.177 0.228 0.284 0.343 0.403 0.457 0.501 0.532 0.548 0.548 0.532 0.500 0.456 0.403 0.344 0.286 0.229 0.178 0.134 0.098 0.070 0.048 0.032 0.021 0.013 0.008 0.005 0.003 0.001 0.001 0.000 0.000 0.000 0.000
 0.000 0.000 0.000 0.000 0.000 0.000 0.001 0.001 0.002 0.004 0.007 0.011 0.017 0.026 0.038 0.053 0.073 0.096 0.124 0.155 0.189 0.223 0.254 0.277 0.292 0.300 0.300 0.291 0.274 0.250 0.221 0.189 0.156 0.126 0.097 0.073 0.053 0.038 0.026 0.017 0.011 0.007 0.004 0.002 0.001 0.001 0.000 0.000 0.000 0.000 0.000
 0.000 0.000 0.000 0.000 0.000 0.000 0.000 0.001 0.001 0.002 0.004 0.006 0.009 0.013 0.020 0.028 0.038 0.051 0.065 0.082 0.101 0.121 0.138 0.149 0.155 0.159 0.158 0.154 0.145 0.132 0.117 0.100 0.083 0.067 0.052 0.039 0.028 0.020 0.014 0.009 0.006 0.004 0.002 0.001 0.001 0.000 0.000 0.000 0.000 0.000 0.000
 0.000 0.000 0.000 0.000 0.000 0.000 0.000 0.000 0.001 0.001 0.002 0.003 0.004 0.007 0.010 0.014 0.019 0.025 0.032 0.041 0.050 0.061 0.070 0.075 0.078 0.079 0.079 0.076 0.072 0.066 0.059 0.050 0.042 0.033 0.026 0.019 0.014 0.010 0.007 0.004 0.003 0.002 0.001 0.001 0.000 0.000 0.000 0.000 0.000 0.000 0.000
 0.000 0.000 0.000 0.000 0.000 0.000 0.000 0.000 0.000 0.000 0.001 0.001 0.002 0.003 0.004 0.006 0.008 0.010 0.013 0.016 0.021 0.025 0.029 0.031 0.032 0.032 0.032 0.031 0.030 0.027 0.024 0.021 0.017 0.014 0.011 0.008 0.006 0.004 0.003 0.002 0.001 0.001 0.000 0.000 0.000 0.000 0.000 0.000 0.000 0.000 0.000
 0.000 0.000 0.000 0.000 0.000 0.000 0.000 0.000 0.000 0.000 0.000 0.000 0.000 0.000 0.000 0.000 0.000 0.000 0.000 0.000 0.000 0.000 0.000 0.000 0.000 0.000 0.000 0.000 0.000 0.000 0.000 0.000 0.000 0.000 0.000 0.000 0.000 0.000 0.000 0.000 0.000 0.000 0.000 0.000 0.000 0.000 0.000 0.000 0.000 0.000 0.000
